3459,433.369,558.156,608.59,150,1,57,214.825
380,360.324,716.433,621.411,150,1,136,214.825
273,375.524,679.943,619.54,150,1,215,214.825
224,358.821,674.249,630.979,150,1,242,214.825
205,440.502,630.798,620.151,150,1,287,214.825
229,376.114,635.04,630.857,150,1,436,214.825
237,346.03,700.239,645.067,150,1,437,214.825
370,305.514,737.762,647.758,150,1,461,214.825
315,349.917,681.833,650.323,150,1,463,214.825
590,336.239,702.985,669.183,150,1,500,214.825
475,325.472,703.245,682.581,150,1,509,214.825
441,387.991,645.004,679.593,150,1,513,214.825
319,392.179,641.874,663.052,150,1,658,214.825
244,381.57,635.861,653.31,150,1,777,214.825
404,368.257,612.987,658.254,150,1,792,214.825
285,384.246,598.269,654.074,150,1,881,214.825
267,402.528,598.955,685.104,150,1,991,214.825
165,413.733,596.079,697.539,150,1,997,214.825
255,385.267,618.646,703.636,150,1,1048,214.825
240,394.338,606.046,718.176,150,1,1054,214.825
258,365.163,571.65,730.691,150,1,1082,214.825
375,343.365,522.431,715.267,150,1,1083,214.825
268,389.813,556.001,698.69,150,1,1086,214.825
192,402.781,564.921,706.631,150,1,1141,214.825
271,381.207,576.184,716.015,150,1,1174,214.825
429,401.324,514.559,687.376,150,1,1180,214.825
263,427.684,533.979,681.611,150,1,1243,214.825
421,382.499,559.715,674.821,150,1,1283,214.825
249,406.534,554.122,661.14,150,1,1301,214.825
377,407.204,556.019,649.831,150,1,1317,214.825
398,402.113,549.628,638.28,150,1,1386,214.825
286,400.283,582.817,632.69,150,1,1465,214.825
273,433.974,591.01,622.805,150,1,1505,214.825
263,409.711,538.835,623.578,150,1,1515,214.825
209,404.89,501.893,620.662,150,1,1525,214.825
191,398.702,496.98,631.944,150,1,1534,214.825
375,390.243,480.815,649.443,150,1,1554,214.825
375,389.477,489.714,658.631,150,1,1703,214.825
254,445.614,510.449,664.517,150,1,1717,214.825
250,377.924,471.65,677.987,150,1,1733,214.825
281,351.915,440.81,691.09,150,1,1767,214.825
226,401.265,438.958,674.09,150,1,1768,214.825
398,398.819,422.038,666.899,150,1,1819,214.825
210,394.7,465.803,641.491,150,1,1534,214.825
211,402.137,458.688,630.093,150,1,1830,214.825
197,424.183,419.216,643.539,150,1,1838,214.825
173,399.064,428.023,651.731,150,1,1917,214.825
195,374.303,392.653,665.871,150,1,1963,214.825
292,354.938,414.198,696.189,150,1,1968,214.825
282,355.993,392.524,686.962,150,1,1971,214.825
319,324.561,364.075,662.278,150,1,1995,214.825
248,385.452,387.421,653.512,150,1,1997,214.825
324,325.096,359.814,635.247,150,1,2000,214.825
176,387.443,392.122,639.149,150,1,2185,214.825
537,345.466,407.92,613.633,150,1,2025,214.825
384,354.883,452.427,602.909,150,1,2104,214.825
3408,435.988,559.27,608.46,149,0,58,213.147
3395,431.561,560.031,608.444,148,0,59,212.32
3299,437.56,559.511,608.412,147,0,60,213.216
3281,437.074,560.003,608.495,146,0,61,212.256
3210,441.169,559.442,608.6,145,0,62,212.045
3206,427.368,559.296,608.538,144,0,63,211.455
3205,420.088,557.795,608.623,143,0,64,213.236
3257,413.411,558.085,608.569,142,0,65,210.777
3255,411.667,557.81,608.602,141,0,66,211.813
3228,414.376,559.279,608.628,140,0,67,211.237
3146,412.692,558.718,608.538,139,0,68,212.178
3148,413.987,558.643,608.484,138,0,69,212.726
3128,409.318,557.687,608.594,137,0,70,212.893
3112,406.803,559.543,608.61,136,0,71,211.171
3056,408.438,561.638,608.347,135,0,72,212.809
2991,406.202,561.693,608.264,134,0,73,212.085
2968,404.991,560.669,608.358,133,0,74,214.753
2925,404.653,560.352,608.327,132,0,75,210.696
2875,396.678,561.022,608.327,131,0,76,210.73
2850,393.842,560.603,608.454,130,0,77,210.243
2801,392.445,561.831,608.216,129,0,78,211.72
2804,392.845,562.113,608.264,128,0,79,212.09
2733,390.042,562.052,608.134,127,0,80,211.552
2708,388.271,561.171,608.195,126,0,81,212.746
2676,380.481,562.312,608.062,125,0,82,209.849
2645,381.547,561.895,608.045,124,0,83,211.477
2616,376.341,562.343,607.979,123,0,84,211.164
2554,374.948,561.834,607.819,122,0,85,212.984
2501,370.743,561.797,607.83,121,0,86,211.873
2484,371.45,563.024,607.853,120,0,87,211.73
2449,364.834,562.818,607.96,119,0,88,211.258
2415,361.947,563.079,608.014,118,0,89,209.707
2383,362.287,562.249,608.056,117,0,90,210.403
2319,364.366,563.312,607.923,116,0,91,212.134
2315,358.194,564.176,607.867,115,0,92,211.578
2291,361.729,564.461,607.849,114,0,93,210.83
2258,360.661,564.583,607.884,113,0,94,209.575
2216,359.077,563.22,607.685,112,0,95,212.554
2201,353.334,562.914,607.724,111,0,96,211.311
2210,358.276,563.083,607.673,110,0,97,208.989
2165,363.09,563.137,607.744,109,0,98,211.254
2159,358.982,563.397,607.582,108,0,99,213.042
2120,358.219,562.871,607.519,107,0,100,211.606
2063,359.158,562.906,607.569,106,0,101,210.511
2018,358.332,562.126,607.283,105,0,102,211.636
2013,357.235,562.437,607.136,104,0,103,211.862
1944,355.866,562.186,607.094,103,0,104,211.712
1904,362.628,563.441,607.1,102,0,105,211.364
1879,361.6,563.887,607.171,101,0,106,211.015
1830,357.692,563.763,607.052,100,0,107,211.909
1787,355.394,564.909,606.926,99,0,108,212.201
1762,350.161,565.471,606.895,98,0,109,211.493
1760,351.51,566.164,606.916,97,0,110,211.673
1710,344.553,565.779,606.769,96,0,111,212.521
1684,343.437,567.039,606.761,95,0,112,211.498
1628,346.082,567.719,606.689,94,0,113,210.63
1615,341.247,567.548,606.816,93,0,114,212.038
1593,339.76,567.634,606.838,92,0,115,212.421
1552,339.062,569.343,606.862,91,0,116,210.775
1507,336.8,568.95,606.832,90,0,117,212.343
1454,335.909,568.914,606.843,89,0,118,212.977
1437,331.37,569.278,606.812,88,0,119,211.31
1407,332.667,568.631,606.827,87,0,120,211.23
1410,330.984,568.151,606.944,86,0,121,212.629
1418,329.93,568.572,606.917,85,0,122,211.484
1350,332.858,568.43,607.058,84,0,123,213.109
1300,334.724,567.824,607.251,83,0,124,211.57
1279,331.279,567.455,607.351,82,0,125,212.082
1269,334.199,569.101,607.527,81,0,126,211.705
1208,329.85,567.83,607.746,80,0,127,213.53
1200,325.91,568.683,607.787,79,0,128,212.055
1160,329.98,568.373,607.869,78,0,129,213.574
1148,327.022,567.519,607.943,77,0,130,212.166
1074,326.324,568.703,608.104,76,0,131,213.426
1064,333.07,568.412,608.099,75,0,132,214.163
1042,327.285,568.728,608.058,74,0,133,213.041
1005,327.411,568.96,607.971,73,0,134,213.648
962,334.312,568.422,607.89,72,0,135,213.594
942,337.513,567.994,607.896,71,0,2187,214.128
375,354.864,715.716,621.209,149,0,137,213.147
363,351.212,715.972,621.066,148,0,138,212.32
377,353.374,715.935,620.545,147,0,139,213.216
363,354.028,716.059,620.63,146,0,140,212.256
350,355.757,715.782,620.39,145,0,141,212.045
352,344.474,715.419,620.858,144,0,142,211.455
356,348.357,714.949,620.889,143,0,143,213.236
340,341.547,715.259,620.449,142,0,144,210.777
350,346.96,714.887,620.317,141,0,145,211.813
344,339.985,714.401,620.447,140,0,146,211.237
352,344.207,712.976,620.405,139,0,147,212.178
336,330.771,713.228,619.898,138,0,148,212.726
331,337.375,712.854,619.975,137,0,149,212.893
334,335.344,714.578,619.533,136,0,150,211.171
338,332.104,714.137,619.33,135,0,151,212.809
325,329.277,713.551,619.367,134,0,152,212.085
334,332.015,713.523,618.445,133,0,153,214.753
320,330.916,712.764,617.306,132,0,154,210.696
340,322.276,712.384,617.057,131,0,155,210.73
332,319.732,712.407,616.834,130,0,156,210.243
339,312.499,713.341,616.578,129,0,157,211.72
324,311.623,713.367,616.358,128,0,158,212.09
334,309.62,713.115,615.882,127,0,159,211.552
315,307.006,712.72,615.887,126,0,160,212.746
308,299.422,713.889,615.315,125,0,161,209.849
294,305.789,713.549,615.06,124,0,162,211.477
304,306.908,713.229,614.954,123,0,163,211.164
498,325.353,700.651,616.647,122,0,164,212.984
485,311.293,699.554,616.721,121,0,165,211.873
490,313.129,700.623,616.583,120,0,166,211.73
468,312.791,699.94,616.556,119,0,167,211.258
485,313.606,700.369,616.721,118,0,168,209.707
478,307.99,700.226,616.715,117,0,169,210.403
465,308.415,700.434,616.377,116,0,170,212.134
463,304.125,701.212,616.313,115,0,171,211.578
475,304.173,701.246,616.178,114,0,172,210.83
477,304.706,701.818,616.089,113,0,173,209.575
453,304.934,700.923,615.917,112,0,174,212.554
447,300.414,701.72,615.647,111,0,175,211.311
425,306.976,701.616,615.47,110,0,176,208.989
416,308.373,701.534,615.474,109,0,177,211.254
427,307.515,701.458,615.22,108,0,178,213.042
405,311.402,701.728,614.898,107,0,179,211.606
407,308.459,701.505,614.703,106,0,180,210.511
408,300.953,701.268,614.789,105,0,181,211.636
669,323.281,680.599,616.538,104,0,182,211.862
665,320.159,680.738,616.111,103,0,183,211.712
667,328.504,679.046,616.064,102,0,184,211.364
653,328.005,678.409,615.841,101,0,185,211.015
649,324.277,677.439,615.726,100,0,186,211.909
616,321.359,678.693,615.545,99,0,187,212.201
606,314.04,677.87,615.666,98,0,188,211.493
589,314.516,678.544,615.287,97,0,189,211.673
596,312.492,679.041,615.046,96,0,190,212.521
584,317.238,678.818,615.084,95,0,191,211.498
568,312.706,679.841,614.735,94,0,192,210.63
556,305.236,679.778,614.57,93,0,193,212.038
557,312.427,678.63,614.477,92,0,194,212.421
535,307.194,678.382,614.406,91,0,195,210.775
526,307.095,678.631,614.149,90,0,196,212.343
523,301.532,677.915,614.216,89,0,197,212.977
492,303.415,677.894,614.005,88,0,198,211.31
489,302.088,678.128,613.67,87,0,199,211.23
486,298.704,676.934,613.561,86,0,200,212.629
489,300.701,676.825,613.2,85,0,201,211.484
458,302.38,675.577,613.042,84,0,202,213.109
461,303.909,674.7,612.539,83,0,203,211.57
462,300.355,674.338,612.122,82,0,204,212.082
459,303.76,673.166,611.232,81,0,205,211.705
455,295.875,670.853,610.742,80,0,206,213.53
440,296.62,670.1,610.54,79,0,207,212.055
417,303.64,667.116,610.46,78,0,208,213.574
415,298.518,665.958,610.673,77,0,209,212.166
419,297.967,665.641,610.708,76,0,210,213.426
396,293.949,665.888,610.525,75,0,211,214.163
398,297.555,666.718,610.605,74,0,212,213.041
388,299.067,667.087,610.85,73,0,213,213.648
373,302.327,667.647,611.01,72,0,214,213.594
377,298.119,666.849,611.28,71,0,2247,214.128
256,372.496,679.603,619.403,149,0,216,213.147
257,373.144,680.355,619.506,148,0,217,212.32
245,371.4,680.267,619.514,147,0,218,213.216
256,378.609,681.447,619.426,146,0,219,212.256
242,369.079,680.889,619.407,145,0,220,212.045
243,362.897,681.078,619.65,144,0,221,211.455
244,371.25,680.66,619.606,143,0,222,213.236
236,370.445,680.806,619.368,142,0,223,210.777
225,361.222,681.719,619.845,141,0,224,211.813
224,362.817,681.473,619.936,140,0,225,211.237
208,363.803,680.572,619.749,139,0,226,212.178
222,351.432,679.91,619.935,138,0,227,212.726
212,356.542,680.283,620.048,137,0,228,212.893
211,362.668,681.635,619.941,136,0,229,211.171
195,371.769,680.61,620.058,135,0,230,212.809
197,368.198,678.718,619.987,134,0,231,212.085
191,370.806,676.551,619.991,133,0,232,214.753
194,365.577,673.731,619.761,132,0,233,210.696
199,365.281,673.509,619.968,131,0,234,210.73
200,363.285,673.636,619.964,130,0,235,210.243
186,358.129,675.025,620.091,129,0,236,211.72
202,345.158,674.92,620.17,128,0,237,212.09
191,359.759,676.505,620.49,127,0,238,211.552
191,357.597,677.38,620.602,126,0,239,212.746
208,353.486,679.211,620.131,125,0,240,209.849
205,341.854,680.167,619.922,124,0,241,211.477
191,347.246,681.1,619.664,123,0,163,211.164
223,355.534,673.172,630.677,149,0,243,213.147
427,363.513,657.204,630.592,148,0,244,212.32
424,363.882,658.01,630.828,147,0,245,213.216
429,355.142,659.668,631.046,146,0,246,212.256
414,360.512,660.086,630.983,145,0,247,212.045
397,352.096,662.176,631.057,144,0,248,211.455
379,359.179,663.608,630.992,143,0,249,213.236
354,350.189,665.261,630.898,142,0,250,210.777
329,348.119,664.932,630.989,141,0,251,211.813
342,352.129,663.917,630.937,140,0,252,211.237
317,354.71,664.236,630.932,139,0,253,212.178
311,345.251,664.527,631.071,138,0,254,212.726
304,353.885,665.219,630.951,137,0,255,212.893
298,350.876,666.931,630.743,136,0,256,211.171
293,348.536,666.38,630.72,135,0,257,212.809
279,359.738,665.089,630.655,134,0,258,212.085
256,361.602,665.044,630.632,133,0,259,214.753
260,356.442,664.041,630.735,132,0,260,210.696
257,358.537,665.213,631.048,131,0,261,210.73
251,357.064,664.177,630.843,130,0,262,210.243
221,358.367,666.418,630.779,129,0,263,211.72
231,355.736,666.084,630.883,128,0,264,212.09
220,354.382,665.751,630.164,127,0,265,211.552
211,354.588,664.37,629.826,126,0,266,212.746
562,336.851,683.676,636.149,125,0,267,209.849
524,335.937,681.593,635.664,124,0,268,211.477
530,332.54,679.771,635.224,123,0,269,211.164
513,329.583,678.295,634.186,122,0,270,212.984
469,327.601,676.375,632.894,121,0,271,211.873
450,333.913,674.125,631.285,120,0,272,211.73
435,331.956,673.093,631.389,119,0,273,211.258
436,331.812,673.276,631.331,118,0,274,209.707
413,329.278,672.718,631.476,117,0,275,210.403
421,326.767,672.764,631.326,116,0,276,212.134
397,332.814,671.837,630.377,115,0,277,211.578
387,331.93,671.334,629.972,114,0,278,210.83
373,339.646,671.723,629.344,113,0,279,209.575
353,333.793,669.788,628.058,112,0,280,212.554
332,331.913,669.54,627.144,111,0,281,211.311
338,338.84,667.194,625.68,110,0,282,208.989
323,340.96,664.662,624.944,109,0,283,211.254
318,331.855,663.703,624.111,108,0,284,213.042
312,339.994,662.583,623.368,107,0,285,211.606
312,332.635,660.633,622.196,106,0,286,210.511
280,347.093,658.038,619.11,105,0,181,211.636
182,439.522,631.393,620.037,149,0,288,213.147
179,436.447,632.201,619.862,148,0,289,212.32
200,429.29,631.902,619.954,147,0,290,213.216
197,418.162,632.649,619.957,146,0,291,212.256
201,417.229,633.162,619.926,145,0,292,212.045
188,412.888,635.645,620.276,144,0,293,211.455
176,412.489,636.084,620.205,143,0,294,213.236
170,413.929,637.077,620.28,142,0,295,210.777
165,416.412,639.228,620.232,141,0,296,211.813
168,404.357,639.055,620.251,140,0,297,211.237
354,418.127,621.705,620.381,139,0,298,212.178
346,407.249,622.307,620.471,138,0,299,212.726
354,401.556,623.398,620.616,137,0,300,212.893
341,399.801,624.897,620.539,136,0,301,211.171
338,395.509,624.682,620.457,135,0,302,212.809
343,394.382,624.68,620.399,134,0,303,212.085
325,392.911,622.828,620.703,133,0,304,214.753
327,391.006,621.315,620.429,132,0,305,210.696
311,384.836,621.964,620.563,131,0,306,210.73
305,384.826,623.586,620.697,130,0,307,210.243
307,378.85,623.873,620.56,129,0,308,211.72
298,378.993,623.637,620.811,128,0,309,212.09
296,374.172,622.219,620.676,127,0,310,211.552
292,373.568,620.768,620.555,126,0,311,212.746
275,364.316,621.303,620.561,125,0,312,209.849
289,360.567,619.674,620.43,124,0,313,211.477
265,354.543,619.704,620.717,123,0,314,211.164
263,367.034,620.381,620.635,122,0,315,212.984
277,361.3,618.51,620.75,121,0,316,211.873
257,363.183,617.894,620.804,120,0,317,211.73
253,361.625,615.643,620.615,119,0,318,211.258
248,360.565,612.342,620.608,118,0,319,209.707
232,359.138,608.436,620.417,117,0,320,210.403
229,358.917,605.842,620.016,116,0,321,212.134
217,364.101,602.89,619.997,115,0,322,211.578
184,373.788,601.227,619.819,114,0,323,210.83
205,363.2,599.88,619.882,113,0,324,209.575
426,360.162,615.388,621.538,112,0,325,212.554
422,361.287,615.203,621.447,111,0,326,211.311
390,372.544,614.867,621.41,110,0,327,208.989
386,366.236,613.79,621.73,109,0,328,211.254
390,363.882,612.129,621.589,108,0,329,213.042
350,353.017,611.375,621.376,107,0,330,211.606
356,358.171,610.366,621.608,106,0,331,210.511
347,357.317,609.816,621.53,105,0,332,211.636
340,352.124,609.022,621.533,104,0,333,211.862
331,353.378,609.231,621.425,103,0,334,211.712
315,349.698,610.648,621.439,102,0,335,211.364
302,354.212,610.535,621.332,101,0,336,211.015
297,351.919,611.284,621.447,100,0,337,211.909
290,351.648,611.884,621.369,99,0,338,212.201
279,345.731,610.79,621.167,98,0,339,211.493
285,343.733,610.147,621.097,97,0,340,211.673
265,335.045,608.272,621.156,96,0,341,212.521
265,335.434,608.164,621.354,95,0,342,211.498
270,338.004,606.302,621.252,94,0,343,210.63
251,327.478,605.09,621.637,93,0,344,212.038
242,333.351,603.887,621.605,92,0,345,212.421
236,332.551,603.984,621.322,91,0,346,210.775
233,332.652,604.918,621.228,90,0,347,212.343
233,323.811,605.686,621.154,89,0,348,212.977
232,321.983,605.009,621.018,88,0,349,211.31
223,319.731,605.223,621.194,87,0,350,211.23
214,322.238,604.76,621.204,86,0,351,212.629
219,318.091,604.781,621.081,85,0,352,211.484
203,319.951,604.874,621.248,84,0,353,213.109
189,312.825,604.476,621.577,83,0,354,211.57
186,316.962,603.734,621.494,82,0,355,212.082
176,320,603.837,621.44,81,0,356,211.705
442,314.19,585.066,621.048,80,0,357,213.53
424,313.219,585.182,621.038,79,0,358,212.055
417,315.83,584.341,621.05,78,0,359,213.574
410,311.359,585.768,621.051,77,0,360,212.166
381,309.115,584.876,621.09,76,0,361,213.426
377,326.101,585.539,621.285,75,0,362,214.163
368,319.639,585.265,621.333,74,0,363,213.041
368,313.967,585.006,621.193,73,0,364,213.648
350,314.383,583.878,621.213,72,0,365,213.594
333,321.778,583.724,621.119,71,0,366,214.128
328,317.921,583.867,621.241,70,0,367,214.283
325,323.286,583.075,621.152,69,0,368,213.51
301,329.86,582.857,621.097,68,0,369,213.826
306,330.124,581.414,621.087,67,0,370,213.654
307,328.925,580.343,620.982,66,0,371,215.396
283,337.876,580.272,620.84,65,0,372,213.203
293,332.546,579.663,621.02,64,0,373,215.301
283,331.569,578.863,620.947,63,0,374,215.7
285,331.175,579.814,621.367,62,0,375,217.23
282,337.883,577.276,620.862,61,0,376,216.332
267,332.288,577.004,620.893,60,0,377,215.712
254,348.335,576.449,621.135,59,0,378,215.868
258,339.837,576.456,621.364,58,0,379,217.164
238,345.752,576.178,621.407,57,0,380,215.75
239,348.397,575.614,621.609,56,0,381,219.374
239,346.033,575.013,621.665,55,0,382,218.294
220,354.723,574.642,621.868,54,0,383,218.411
222,337.707,574.637,621.984,53,0,384,220.518
225,349.649,574.274,622.34,52,0,385,221.097
210,350.071,573.411,622.273,51,0,386,218.691
214,348.112,572.978,622.544,50,0,387,219.465
203,356.478,572.441,622.732,49,0,388,219.705
200,341.92,572.161,622.813,48,0,389,221.22
199,348.95,571.544,623.307,47,0,390,220.051
211,355.313,571.902,624.051,46,0,391,219.449
209,358.139,570.925,624.449,45,0,392,221.238
211,348.597,571.423,624.553,44,0,393,220.965
196,358.556,572.21,624.26,43,0,394,220.75
191,353.23,571.753,624.437,42,0,395,221.707
197,356.939,572.694,624.31,41,0,396,221.288
190,359.079,572.822,624.351,40,0,397,223.789
406,349.788,559.644,627.686,39,0,398,221.967
388,351.668,561.505,626.969,38,0,399,222.993
372,359.325,562.062,626.749,37,0,400,225.29
365,362.044,562.375,626.558,36,0,401,225.057
360,355.683,564.022,626.212,35,0,402,225.833
347,361.21,563.972,625.7,34,0,403,226.449
342,354.047,564.611,625.196,33,0,404,226.127
333,358.739,563.214,625.173,32,0,405,229.014
348,354.563,563.485,624.975,31,0,406,228.186
328,353.701,563.123,624.826,30,0,407,229.123
337,347.923,564.42,624.916,29,0,408,230.136
311,353.428,563.672,624.829,28,0,409,231.57
322,352.811,564.105,625.008,27,0,410,231.026
318,352.818,564.784,624.972,26,0,411,232.004
316,342.335,565.45,625.012,25,0,412,233.924
309,343.094,564.85,625.233,24,0,413,231.342
299,351.381,565.026,625.133,23,0,414,234.463
296,349.216,565.172,625.293,22,0,415,237.101
298,347.95,565.439,625.22,21,0,416,235.228
298,350.48,564.416,625.143,20,0,417,237.154
296,348.912,565.051,625.048,19,0,418,237.834
299,351.237,565.265,624.858,18,0,419,238.79
281,346.509,565.383,624.619,17,0,420,240.911
275,353.84,564.687,624.784,16,0,421,241.747
271,359.557,565.31,624.4,15,0,422,243.129
275,359.284,564.75,624.244,14,0,423,245.306
274,351.876,565.806,624.148,13,0,424,247.824
258,366.783,566.195,624.068,12,0,425,246.72
275,361.098,565.781,624.031,11,0,426,250.855
257,366.311,566.456,623.866,10,0,427,252.145
250,367.08,566.932,623.662,9,0,428,255.205
246,368.13,567.499,623.551,8,0,429,257.334
249,373.47,567.936,623.172,7,0,430,261.189
246,374.833,568.263,623.182,6,0,431,263.45
245,382.494,568.253,622.935,5,0,432,267.807
514,375.685,582.943,619.546,4,0,433,269.129
489,386.519,582.245,619.631,3,0,434,274.702
482,391.369,582.196,619.549,2,0,435,280.288
462,405.184,583.744,619.391,1,0,0,286.256
223,366.973,635.551,630.665,149,0,243,213.147
247,349.19,700.778,644.395,149,0,438,213.147
243,344.132,701.976,644.424,148,0,439,212.32
579,315.128,720.942,646.012,147,0,440,213.216
565,316.175,721.004,646.083,146,0,441,212.256
547,317.353,719.789,645.719,145,0,442,212.045
540,308.696,719.65,645.919,144,0,443,211.455
523,317.585,718.147,645.326,143,0,444,213.236
503,314.692,717.97,644.988,142,0,445,210.777
478,315.782,717.386,645.359,141,0,446,211.813
479,318.194,716.769,645.056,140,0,447,211.237
443,307.826,715.966,645.176,139,0,448,212.178
450,314.331,714.609,645.098,138,0,449,212.726
436,309.947,714.368,645.042,137,0,450,212.893
428,313.942,715.346,645.031,136,0,451,211.171
433,307.61,714.415,644.528,135,0,452,212.809
392,319.467,713.973,644.22,134,0,453,212.085
414,314.761,712.047,643.222,133,0,454,214.753
395,316.367,709.374,642.102,132,0,455,210.696
388,319.389,707.256,642.018,131,0,456,210.73
386,316.58,705.334,641.848,130,0,457,210.243
379,315.388,705.32,641.965,129,0,458,211.72
356,320.851,703.959,642.122,128,0,459,212.09
338,325.121,702.105,641.88,127,0,460,211.552
346,326.994,699.483,642.008,126,0,266,212.746
358,300.494,737.934,647.972,149,0,462,213.147
356,304.289,736.966,647.774,148,0,439,212.32
311,350.013,681.41,649.872,149,0,464,213.147
303,349.706,680.669,649.118,148,0,465,212.32
291,355.127,680.188,648.606,147,0,466,213.216
276,347.486,680.21,648.492,146,0,467,212.256
267,351.288,679.289,648.22,145,0,468,212.045
261,345.161,679.509,648.211,144,0,469,211.455
242,354.054,678.986,647.775,143,0,470,213.236
245,344.498,678.474,647.662,142,0,471,210.777
219,349.826,677.135,646.275,141,0,472,211.813
239,348.757,677.318,646.045,140,0,473,211.237
217,348.005,677.673,645.817,139,0,474,212.178
209,353.321,677.76,646.148,138,0,475,212.726
200,346.535,676.102,645.079,137,0,476,212.893
197,348.65,675.656,644.672,136,0,477,211.171
195,344.708,674.567,644.036,135,0,478,212.809
408,357.699,655.938,641.053,134,0,479,212.085
381,350.927,655.438,640.307,133,0,480,214.753
384,355.076,653.353,640.134,132,0,481,210.696
363,356.182,652.285,639.976,131,0,482,210.73
347,358.934,652.305,639.933,130,0,483,210.243
352,352.139,653.176,639.31,129,0,484,211.72
335,354.451,654.41,639.46,128,0,485,212.09
325,354.723,654.977,639.082,127,0,486,211.552
310,355.026,655.342,638.584,126,0,487,212.746
302,350.136,656.101,638.198,125,0,488,209.849
289,352.391,655.8,637.975,124,0,489,211.477
286,355.224,655.64,637.507,123,0,490,211.164
290,346.548,655.834,637.061,122,0,491,212.984
280,349.189,655.772,636.782,121,0,492,211.873
268,356.213,655.085,635.863,120,0,493,211.73
266,349.353,653.706,635.136,119,0,494,211.258
254,357.827,650.114,632.567,118,0,495,209.707
243,351.564,645.118,629.16,117,0,496,210.403
235,356.94,642.476,627.42,116,0,497,212.134
245,357.645,639.308,626.357,115,0,498,211.578
233,358.06,636.493,624.811,114,0,499,210.83
225,355.249,634.179,623.769,113,0,324,209.575
554,332.264,700.979,668.438,149,0,501,213.147
539,327.113,701.187,668.358,148,0,502,212.32
547,332.174,699.792,667.775,147,0,503,213.216
530,329.662,699.156,667.462,146,0,504,212.256
522,333.969,699.599,667.677,145,0,505,212.045
503,327.785,698.957,667.199,144,0,506,211.455
496,329.77,698.256,666.928,143,0,507,213.236
456,324.373,698.628,666.48,142,0,508,210.777
458,325.913,696.401,664.777,141,0,2170,211.813
474,325.772,702.595,682.051,149,0,510,213.147
456,317.943,702.19,681.746,148,0,511,212.32
447,320.291,702.253,681.919,147,0,512,213.216
426,318.977,702.316,681.828,146,0,2144,212.256
428,383.086,646.261,678.783,149,0,514,213.147
428,381.911,647.206,677.623,148,0,515,212.32
424,371.25,647.368,676.412,147,0,516,213.216
409,365.804,648.355,675.475,146,0,517,212.256
411,365.995,648.225,673.26,145,0,518,212.045
385,360.995,649.002,670.971,144,0,519,211.455
377,367.942,649.421,668.206,143,0,520,213.236
365,363.31,650.134,667.655,142,0,521,210.777
347,360.484,651.313,666.907,141,0,522,211.813
345,357.217,650.195,666.598,140,0,523,211.237
327,362.599,649.902,666.218,139,0,524,212.178
361,358.416,648.606,666.177,138,0,525,212.726
338,353.243,649.644,666.237,137,0,526,212.893
341,343.93,651.039,666.131,136,0,527,211.171
333,352.258,651.06,665.961,135,0,528,212.809
323,351.167,651.053,665.217,134,0,529,212.085
314,355.704,650.955,665.052,133,0,530,214.753
303,357.624,650.62,664.606,132,0,531,210.696
305,354.99,650.159,664.656,131,0,532,210.73
291,356.729,650.551,664.423,130,0,533,210.243
288,360.069,651.57,664.598,129,0,534,211.72
286,356.566,650.602,664.783,128,0,535,212.09
281,357.651,650.514,664.776,127,0,536,211.552
277,354.957,649.412,664.637,126,0,537,212.746
275,352.982,650.235,664.772,125,0,538,209.849
263,355.981,649.546,664.245,124,0,539,211.477
262,363.305,649.943,664,123,0,540,211.164
245,362.033,649.938,663.49,122,0,541,212.984
246,369.764,649.935,662.388,121,0,542,211.873
234,355.359,650.082,662.257,120,0,543,211.73
525,340.286,666.546,660.486,119,0,544,211.258
508,339.254,665.536,659.095,118,0,545,209.707
491,346.864,664.698,657.802,117,0,546,210.403
478,337.611,664.791,656.209,116,0,547,212.134
429,349.228,662.815,652.512,115,0,548,211.578
436,345.47,661.891,650.271,114,0,549,210.83
390,348.251,662.196,648.068,113,0,550,209.575
395,350.192,661.443,646.529,112,0,551,212.554
385,340.099,660.445,645.681,111,0,552,211.311
380,335.855,660.308,644.603,110,0,553,208.989
375,336.491,658.571,643.918,109,0,554,211.254
365,339.022,658.093,643,108,0,555,213.042
348,327.71,657.107,641.849,107,0,556,211.606
350,334.903,657.406,640.902,106,0,557,210.511
360,330.275,657.501,638.482,105,0,558,211.636
359,331.663,656.842,637.979,104,0,559,211.862
341,327.469,656.743,637.873,103,0,560,211.712
340,334.762,656.271,637.45,102,0,561,211.364
319,339.116,655.282,637.277,101,0,562,211.015
316,334.975,654.166,636.893,100,0,563,211.909
306,331.428,655.058,636.228,99,0,564,212.201
588,333.556,636.638,642.861,98,0,565,211.493
569,334.715,636.308,642.178,97,0,566,211.673
566,325.528,635.952,641.981,96,0,567,212.521
530,321.37,636.282,641.815,95,0,568,211.498
512,327.369,636.53,641.031,94,0,569,210.63
509,329.236,635.948,640.396,93,0,570,212.038
508,322.508,636.762,639.806,92,0,571,212.421
493,325.347,637.37,639.318,91,0,572,210.775
485,317.045,638.034,638.809,90,0,573,212.343
466,316.964,637.72,638.723,89,0,574,212.977
472,317.506,638.574,638.016,88,0,575,211.31
463,312.978,638.006,637.814,87,0,576,211.23
437,316.185,637.396,637.342,86,0,577,212.629
422,314.602,636.965,636.387,85,0,578,211.484
410,320.393,636.115,636.436,84,0,579,213.109
390,320.89,636.858,635.529,83,0,580,211.57
393,318.402,636.621,634.994,82,0,581,212.082
392,323.38,636.827,634.757,81,0,582,211.705
398,317.731,636.318,634.976,80,0,583,213.53
398,314.786,637.245,634.488,79,0,584,212.055
389,312.928,636.039,634.776,78,0,585,213.574
383,324.454,636.36,634.382,77,0,586,212.166
378,320.534,636.332,634.117,76,0,587,213.426
366,324.366,635.742,633.606,75,0,588,214.163
353,322.04,634.649,633.108,74,0,589,213.041
352,324.71,633.982,632.553,73,0,590,213.648
343,325.251,633.021,632.258,72,0,591,213.594
347,317.337,632.286,631.489,71,0,592,214.128
329,320.31,632.709,628.229,70,0,593,214.283
339,324.956,632.839,626.961,69,0,594,213.51
322,325.106,633.221,625.355,68,0,595,213.826
312,328.978,631.778,624.473,67,0,596,213.654
294,318.922,631.645,624.395,66,0,597,215.396
297,328.384,631.875,623.999,65,0,598,213.203
270,328.552,631.541,622.085,64,0,599,215.301
267,322.678,631.599,620.327,63,0,600,215.7
262,321.901,633.583,619.13,62,0,601,217.23
553,310.662,646.737,614.426,61,0,602,216.332
532,311.69,645.502,614.181,60,0,603,215.712
510,312.296,645.975,613.611,59,0,604,215.868
479,310.436,645.065,613.108,58,0,605,217.164
477,312.514,646.032,612.811,57,0,606,215.75
479,311.035,644.721,612.821,56,0,607,219.374
475,308.92,644.754,612.677,55,0,608,218.294
467,308.191,644.878,612.586,54,0,609,218.411
470,304.94,644.383,612.712,53,0,610,220.518
486,306.072,644.985,612.644,52,0,611,221.097
471,296.546,644.752,612.704,51,0,612,218.691
453,295.539,643.71,612.748,50,0,613,219.465
451,295.823,644.283,612.736,49,0,614,219.705
429,304.478,644.107,612.678,48,0,615,221.22
414,294.688,644.153,612.716,47,0,616,220.051
408,301.971,642.836,612.803,46,0,617,219.449
389,300.943,642.174,612.582,45,0,618,221.238
375,303.749,641.728,612.658,44,0,619,220.965
374,300.626,641.286,612.778,43,0,620,220.75
368,302.644,641.189,612.954,42,0,621,221.707
359,302.217,640.767,613.304,41,0,622,221.288
354,295.105,641.076,613.404,40,0,623,223.789
342,295.658,639.924,613.514,39,0,624,221.967
333,298.73,639.107,613.633,38,0,625,222.993
330,302.852,638.22,613.751,37,0,626,225.29
303,299.182,637.331,613.629,36,0,627,225.057
310,296.51,636.538,613.662,35,0,628,225.833
295,292.868,634.756,613.697,34,0,629,226.449
279,301.645,633.584,613.699,33,0,630,226.127
266,312.816,631.492,613.49,32,0,631,229.014
260,305.788,630.495,613.493,31,0,632,228.186
507,312.493,615.494,614.705,30,0,633,229.123
483,312.441,615.154,614.783,29,0,634,230.136
463,321.073,613.774,614.986,28,0,635,231.57
478,322.883,613.019,615.111,27,0,636,231.026
462,319.929,611.459,615.257,26,0,637,232.004
449,314.987,610.62,615.202,25,0,638,233.924
416,323.106,608.723,615.163,24,0,639,231.342
414,325.386,607.469,615.007,23,0,640,234.463
409,326.77,606.496,614.987,22,0,641,237.101
391,322.583,606.115,615.175,21,0,642,235.228
371,326.326,605.21,615.366,20,0,643,237.154
373,325.871,605.012,615.445,19,0,644,237.834
366,330.079,604.651,615.5,18,0,645,238.79
366,330.005,603.854,615.473,17,0,646,240.911
356,336.837,602.795,615.577,16,0,647,241.747
343,333.327,601.931,615.744,15,0,648,243.129
327,337.3,600.813,615.913,14,0,649,245.306
314,336.713,601.005,615.728,13,0,650,247.824
325,344.612,600.841,615.995,12,0,651,246.72
320,340.359,600.345,615.987,11,0,652,250.855
310,339.697,600.605,615.925,10,0,653,252.145
312,346.199,600.017,615.878,9,0,654,255.205
309,347.278,600.37,616.009,8,0,655,257.334
288,352.611,599.214,616.065,7,0,656,261.189
272,356.412,598.637,616.16,6,0,657,263.45
261,360.812,597.441,616.448,5,0,432,267.807
314,386.803,642.194,662.902,149,0,659,213.147
295,391.844,644.051,661.558,148,0,660,212.32
285,390.765,643.801,661.024,147,0,661,213.216
281,382.448,643.992,660.342,146,0,662,212.256
268,387.425,643.677,658.578,145,0,663,212.045
249,380.137,643.135,656.806,144,0,664,211.455
250,381.252,642.766,654.556,143,0,665,213.236
491,374.371,622.869,657.06,142,0,666,210.777
495,364.709,622.588,655.979,141,0,667,211.813
477,368.145,623.761,654.879,140,0,668,211.237
468,362.534,621.931,653.399,139,0,669,212.178
454,358.967,622.254,652.254,138,0,670,212.726
419,359.63,622.526,651.505,137,0,671,212.893
405,361.319,625.038,651.124,136,0,672,211.171
377,356.631,625.331,649.972,135,0,673,212.809
358,363.891,625.528,649.093,134,0,674,212.085
358,358.483,626.748,648.673,133,0,675,214.753
323,364.749,626.986,648.342,132,0,676,210.696
303,363.356,626.553,647.852,131,0,677,210.73
309,364.463,626.967,647.422,130,0,678,210.243
284,372.158,628.644,646.732,129,0,679,211.72
301,373.1,628.591,646.03,128,0,680,212.09
297,366.862,626.836,645.621,127,0,681,211.552
287,376.99,625.209,644.982,126,0,682,212.746
541,367.482,642.582,648.542,125,0,683,209.849
513,373.75,640.799,647.581,124,0,684,211.477
508,375.86,638.854,646.888,123,0,685,211.164
471,376.2,637.21,646.057,122,0,686,212.984
453,384.196,634.962,645.526,121,0,687,211.873
447,385.523,636.013,645.162,120,0,688,211.73
453,387.23,634.749,644.915,119,0,689,211.258
427,377.691,634.109,644.249,118,0,690,209.707
437,379.355,634.638,643.508,117,0,691,210.403
418,374.569,633.39,641.929,116,0,692,212.134
398,377.802,632.969,640.343,115,0,693,211.578
362,369.5,631.907,638.948,114,0,694,210.83
355,372.414,631.711,637.805,113,0,695,209.575
334,377.985,631.107,637.248,112,0,696,212.554
327,369.107,630.672,637.032,111,0,697,211.311
318,373.009,629.987,637.138,110,0,698,208.989
310,371.403,628.614,637.185,109,0,699,211.254
310,372.532,627.906,637.015,108,0,700,213.042
302,359.374,627.265,636.645,107,0,701,211.606
279,365.57,626.21,636.653,106,0,702,210.511
260,361.808,625.354,636.538,105,0,703,211.636
259,369.815,623.976,636.605,104,0,704,211.862
251,368.41,625.241,635.795,103,0,705,211.712
238,361.168,624.33,636.045,102,0,706,211.364
223,359.529,623.813,635.994,101,0,707,211.015
223,353.771,624.181,635.441,100,0,708,211.909
224,357.08,624.495,635.366,99,0,709,212.201
223,352.798,623.911,634.91,98,0,710,211.493
209,353.306,623.704,634.363,97,0,711,211.673
223,341.704,623.46,633.676,96,0,712,212.521
221,333.588,624.897,632.811,95,0,713,211.498
447,331.282,611.171,640.404,94,0,714,210.63
438,321.788,612.805,639.034,93,0,715,212.038
429,319.49,614.872,637.499,92,0,716,212.421
415,321.125,616.092,636.64,91,0,717,210.775
410,319.727,617.511,635.846,90,0,718,212.343
394,315.596,618.354,635.049,89,0,719,212.977
381,320.486,619.803,633.893,88,0,720,211.31
365,313.715,621.081,632.391,87,0,721,211.23
347,319.522,621.138,631.829,86,0,722,212.629
321,310.436,622.341,630.491,85,0,723,211.484
314,311.341,622.892,629.694,84,0,724,213.109
304,322.461,623.102,629.287,83,0,725,211.57
278,322.032,623.355,628.849,82,0,726,212.082
281,324.826,623.513,628.663,81,0,727,211.705
267,321.805,623.682,628.58,80,0,728,213.53
264,313.682,624.225,628.294,79,0,729,212.055
276,316.866,622.687,628.702,78,0,730,213.574
251,313.335,623.537,627.885,77,0,731,212.166
259,316.236,623.731,627.388,76,0,732,213.426
252,320.444,624.054,626.433,75,0,733,214.163
251,317.514,623.653,625.486,74,0,734,213.041
244,318.996,622.823,625.141,73,0,735,213.648
260,317.227,621.825,624.409,72,0,736,213.594
267,320.303,621.787,622.89,71,0,737,214.128
242,316.207,620.448,623.099,70,0,738,214.283
253,310.324,619.881,621.67,69,0,739,213.51
245,315.102,619.567,619.928,68,0,740,213.826
239,319.46,617.899,619.642,67,0,741,213.654
225,317.027,617.32,619.863,66,0,742,215.396
229,319.681,617.309,619.031,65,0,743,213.203
217,317.212,616.002,618.586,64,0,744,215.301
221,311.923,615.162,616.832,63,0,745,215.7
220,317.768,614.648,616.664,62,0,746,217.23
221,320.891,611.268,616.062,61,0,747,216.332
475,310.061,599.245,626.416,60,0,748,215.712
468,313.147,599.134,626.361,59,0,749,215.868
444,318.313,599.739,625.665,58,0,750,217.164
447,312.716,600.245,625.371,57,0,751,215.75
430,315.66,600.431,624.454,56,0,752,219.374
407,317.971,601.444,623.392,55,0,753,218.294
403,320.62,601.269,623.104,54,0,754,218.411
404,314.678,601.26,622.542,53,0,755,220.518
406,317.847,601.456,622.532,52,0,756,221.097
395,314.243,601.654,621.794,51,0,757,218.691
390,309.844,601.501,621.369,50,0,758,219.465
378,308.119,601.637,621.078,49,0,759,219.705
376,309.992,602.019,619.851,48,0,760,221.22
371,308.555,602.865,618.606,47,0,761,220.051
342,312.398,603.295,618.119,46,0,762,219.449
335,312.373,603.377,616.798,45,0,763,221.238
329,310.812,603.92,616.203,44,0,764,220.965
307,310.368,603.699,616.27,43,0,765,220.75
296,306.213,604.005,615.557,42,0,766,221.707
290,316.076,604.552,614.623,41,0,767,221.288
283,314.724,604.633,614.695,40,0,768,223.789
294,315.673,604.304,614.84,39,0,769,221.967
258,314.019,603.49,614.592,38,0,770,222.993
278,313.442,603.647,614.633,37,0,771,225.29
263,316.688,603.838,614.562,36,0,772,225.057
265,311.196,603.826,614.697,35,0,773,225.833
249,312.205,602.721,615.03,34,0,774,226.449
239,318.289,602.553,615.818,33,0,775,226.127
233,311.798,601.374,615.787,32,0,776,229.014
234,318.013,601.22,616.038,31,0,632,228.186
241,382.054,635.528,653.879,149,0,778,213.147
246,372.24,636.444,652.837,148,0,779,212.32
247,385.381,635.815,652.745,147,0,780,213.216
243,371.695,636.979,651.503,146,0,781,212.256
225,380.938,636.748,648.884,145,0,782,212.045
242,373.74,635.333,647.177,144,0,783,211.455
244,367.758,635.48,644.528,143,0,784,213.236
216,369.986,637.464,643.432,142,0,785,210.777
218,368.931,637.912,642.665,141,0,786,211.813
212,368.651,638.984,642.078,140,0,787,211.237
232,366.802,638.999,641.46,139,0,788,212.178
230,351.035,639.912,640.959,138,0,789,212.726
232,350.31,639.921,640.589,137,0,790,212.893
214,357.897,640.695,640.255,136,0,791,211.171
216,353.366,640.722,639.669,135,0,478,212.809
404,369.876,613.344,657.695,149,0,793,213.147
399,371.383,613.867,656.057,148,0,794,212.32
381,369.772,613.37,654.493,147,0,795,213.216
375,368.632,612.57,654.079,146,0,796,212.256
382,366.558,609.982,652.142,145,0,797,212.045
377,357.525,608.643,649.179,144,0,798,211.455
361,370.74,608.541,642.523,143,0,799,213.236
348,362.27,609.913,640.24,142,0,800,210.777
358,362.223,609.565,639.11,141,0,801,211.813
342,357.556,607.464,638.499,140,0,802,211.237
327,359.021,605.644,636.926,139,0,803,212.178
330,357.736,604.362,636.213,138,0,804,212.726
320,353.456,603.38,635.834,137,0,805,212.893
317,362.202,604.386,634.973,136,0,806,211.171
321,353.601,603.898,634.548,135,0,807,212.809
315,353.59,603.28,634.433,134,0,808,212.085
295,353.488,603.115,634.543,133,0,809,214.753
294,357.231,602.036,634.242,132,0,810,210.696
551,358.407,585.363,640.53,131,0,811,210.73
533,356.032,586.335,640.133,130,0,812,210.243
514,350.22,587.574,639.893,129,0,813,211.72
511,351.121,587.348,639.784,128,0,814,212.09
503,354.02,586.685,640.107,127,0,815,211.552
502,345.671,586.166,640.142,126,0,816,212.746
493,350.018,587.801,639.588,125,0,817,209.849
488,352.441,587.324,639.582,124,0,818,211.477
478,360.266,586.388,639.841,123,0,819,211.164
469,351.695,587.403,639.365,122,0,820,212.984
451,350.543,586.845,639.596,121,0,821,211.873
437,345.629,587.972,639.372,120,0,822,211.73
440,356.395,587.18,639.254,119,0,823,211.258
420,356.019,588.187,638.858,118,0,824,209.707
415,352.48,587.456,639.106,117,0,825,210.403
412,349.301,587.199,638.897,116,0,826,212.134
390,357.59,587.856,638.438,115,0,827,211.578
392,350.931,587.408,638.442,114,0,828,210.83
386,352.218,587.973,638.541,113,0,829,209.575
372,345.446,587.234,638.655,112,0,830,212.554
384,349.411,587.977,638.626,111,0,831,211.311
380,345.989,587.556,638.976,110,0,832,208.989
382,348.555,586.887,639.314,109,0,833,211.254
365,346.23,587.071,639.042,108,0,834,213.042
360,336.875,587.353,638.996,107,0,835,211.606
348,343.046,587.19,639.143,106,0,836,210.511
344,342.724,587.436,638.925,105,0,837,211.636
340,343.538,587.228,638.989,104,0,838,211.862
327,347.966,586.919,638.851,103,0,839,211.712
327,347.199,587.973,638.503,102,0,840,211.364
330,336.77,587.439,638.408,101,0,841,211.015
332,336.59,587.642,638.356,100,0,842,211.909
320,333.184,588.299,638.22,99,0,843,212.201
327,338.245,587.157,638.394,98,0,844,211.493
317,334.054,587.031,638.509,97,0,845,211.673
312,332.404,586.251,638.732,96,0,846,212.521
321,325.614,587.259,638.475,95,0,847,211.498
313,326.038,587.538,638.529,94,0,848,210.63
324,329.642,586.42,638.887,93,0,849,212.038
311,322.006,586.485,638.802,92,0,850,212.421
323,324.579,587.016,638.425,91,0,851,210.775
311,317.042,587.501,638.094,90,0,852,212.343
317,318.196,587.555,637.961,89,0,853,212.977
306,325.16,587.844,637.486,88,0,854,211.31
307,319.251,587.321,637.543,87,0,855,211.23
312,321.529,587.049,637.495,86,0,856,212.629
325,325.394,586.257,637.59,85,0,857,211.484
307,322.104,587.175,637.227,84,0,858,213.109
300,325.947,586.973,637.396,83,0,859,211.57
309,326.049,587.165,637.116,82,0,860,212.082
294,323.313,587.824,636.944,81,0,861,211.705
288,323.365,588.13,636.74,80,0,862,213.53
287,319,587.797,636.461,79,0,863,212.055
278,319.809,587.046,636.42,78,0,864,213.574
271,326.081,587.855,636.206,77,0,865,212.166
280,321.636,587.966,635.948,76,0,866,213.426
276,328.754,588.045,635.573,75,0,867,214.163
268,321.019,588.367,635.599,74,0,868,213.041
270,320.467,588.318,635.801,73,0,869,213.648
262,322.782,587.831,635.81,72,0,870,213.594
266,323.632,588.094,635.628,71,0,871,214.128
258,321.612,588.12,635.569,70,0,872,214.283
275,316.025,587.581,636.172,69,0,873,213.51
273,323.608,588.883,636.154,68,0,874,213.826
259,318.073,587.659,636.691,67,0,875,213.654
257,320.284,588.79,636.221,66,0,876,215.396
250,316.976,588.756,636.138,65,0,877,213.203
240,316.104,588.973,636.301,64,0,878,215.301
257,313.51,589.573,636.538,63,0,879,215.7
242,316.153,591.389,637.118,62,0,880,217.23
245,305.147,589.409,636.427,61,0,747,216.332
274,382.92,598.906,653.219,149,0,882,213.147
260,381.273,600.26,650.042,148,0,883,212.32
248,387.415,598.702,648.24,147,0,884,213.216
256,383.566,599.897,646.207,146,0,885,212.256
261,384.364,599.118,642.091,145,0,886,212.045
271,371.708,597.103,639.593,144,0,887,211.455
247,380.741,588.894,639.444,143,0,888,213.236
235,372.54,587.545,637.305,142,0,889,210.777
211,373.327,583.705,635.791,141,0,890,211.813
209,370.933,581.254,633.576,140,0,891,211.237
206,368.15,577.741,633.114,139,0,892,212.178
200,360.745,575.831,633.047,138,0,893,212.726
208,364.365,574.171,633.144,137,0,894,212.893
196,370.52,573.854,632.483,136,0,895,211.171
203,367.764,569.696,633.028,135,0,896,212.809
186,373.704,567.747,633.876,134,0,897,212.085
353,376.833,555.023,639.507,133,0,898,214.753
350,377.611,554.27,639.419,132,0,899,210.696
328,370.591,554.099,639.48,131,0,900,210.73
322,379.186,554.031,639.342,130,0,901,210.243
326,370.696,556.204,638.127,129,0,902,211.72
326,380.101,556.19,637.436,128,0,903,212.09
325,376.671,557.935,635.921,127,0,904,211.552
315,376.381,558.564,635.189,126,0,905,212.746
317,365.744,559.503,634.39,125,0,906,209.849
288,372.781,558.785,634.584,124,0,907,211.477
289,374.872,559.669,633.781,123,0,908,211.164
263,369.962,560.774,633.215,122,0,909,212.984
261,376.46,561.196,632.782,121,0,910,211.873
262,372.55,562.848,632.378,120,0,911,211.73
249,369.763,563.006,631.317,119,0,912,211.258
243,372.572,564.265,630.649,118,0,913,209.707
248,378.625,564.39,630.847,117,0,914,210.403
230,363.548,564.408,631.058,116,0,915,212.134
232,364.056,565.417,631.07,115,0,916,211.578
239,366.444,565.939,631.005,114,0,917,210.83
212,362.132,566.32,631.342,113,0,918,209.575
214,374.71,566.359,631.322,112,0,919,212.554
191,367.131,567.485,631.806,111,0,920,211.311
206,362.859,569.053,631.357,110,0,2325,208.989
422,278.431,562.601,667.089,109,0,922,211.254
402,360.485,554.235,635.315,108,0,923,213.042
418,347.098,555.973,634.885,107,0,924,211.606
393,346.089,556.381,634.542,106,0,925,210.511
399,347.273,556.897,634.471,105,0,926,211.636
377,344.143,557.434,634.276,104,0,927,211.862
373,349.445,559.313,633.874,103,0,928,211.712
353,347.541,559.932,633.557,102,0,929,211.364
334,352.198,560.506,633.21,101,0,930,211.015
342,343.494,560.083,633.079,100,0,931,211.909
330,344.588,561.003,632.932,99,0,932,212.201
322,343.292,560.975,632.693,98,0,933,211.493
319,343.627,560.733,632.721,97,0,934,211.673
319,331.987,559.625,632.666,96,0,935,212.521
308,323.87,560.311,632.586,95,0,936,211.498
305,335.823,559.733,632.697,94,0,937,210.63
298,323.148,558.9,632.742,93,0,938,212.038
291,324.003,558.94,632.606,92,0,939,212.421
284,322.38,559.031,632.531,91,0,940,210.775
270,319.344,559.261,632.265,90,0,941,212.343
269,314.981,558.214,632.544,89,0,942,212.977
270,319.526,558.979,632.366,88,0,943,211.31
257,312.973,557.645,632.771,87,0,944,211.23
571,310.494,539.053,637.422,86,0,945,212.629
581,307.279,538.993,637.555,85,0,946,211.484
573,303.346,539.153,637.369,84,0,947,213.109
548,299.312,540.353,637.092,83,0,948,211.57
558,299.615,540.607,637.152,82,0,949,212.082
551,298.457,540.769,637.162,81,0,950,211.705
535,298.508,541.125,637.009,80,0,951,213.53
531,298.631,541.333,637.135,79,0,952,212.055
521,296.894,541.199,636.896,78,0,953,213.574
509,304.566,541.708,636.801,77,0,954,212.166
498,302.542,542.161,636.666,76,0,955,213.426
474,310.654,542.77,636.419,75,0,956,214.163
467,299.173,542.939,636.474,74,0,957,213.041
472,304.352,543.63,636.295,73,0,958,213.648
443,308.253,542.994,636.304,72,0,959,213.594
447,305.787,543.176,636.101,71,0,960,214.128
432,315.66,543.23,636.15,70,0,961,214.283
415,319.398,543.153,636.166,69,0,962,213.51
409,313.465,544.211,636.064,68,0,963,213.826
422,322.91,543.019,636.052,67,0,964,213.654
402,324.224,543.772,636.003,66,0,965,215.396
394,330.749,543.649,635.995,65,0,966,213.203
396,319.503,542.945,636.322,64,0,967,215.301
388,322.193,542.905,636.15,63,0,968,215.7
389,331.761,544.131,636.752,62,0,969,217.23
378,326.27,541.953,635.87,61,0,970,216.332
360,326.469,541.095,636.001,60,0,971,215.712
346,330.844,541.656,636.105,59,0,972,215.868
349,332.991,541.675,635.978,58,0,973,217.164
335,331.394,542.073,636.082,57,0,974,215.75
333,329.784,542.04,636.224,56,0,975,219.374
329,335.663,542.236,636.244,55,0,976,218.294
318,331.557,542.366,636.016,54,0,977,218.411
306,337.317,542.071,636.204,53,0,978,220.518
305,337.426,542.176,636.469,52,0,979,221.097
295,351.542,543.153,635.934,51,0,980,218.691
290,340.234,542.514,636.29,50,0,981,219.465
288,342.156,543.169,635.983,49,0,982,219.705
279,342.254,542.988,636.211,48,0,983,221.22
276,341.754,543.015,636.034,47,0,984,220.051
260,345.881,543.298,635.813,46,0,985,219.449
250,345.516,542.883,635.652,45,0,986,221.238
253,344.233,543.403,634.981,44,0,987,220.965
260,339.154,544.608,633.761,43,0,988,220.75
228,345.689,545.545,632.765,42,0,989,221.707
215,356.367,547.178,631.966,41,0,990,221.288
209,356.258,547.966,631.301,40,0,397,223.789
274,399.631,600.854,683.449,149,0,992,213.147
261,391.322,602.858,680.589,148,0,993,212.32
261,396.533,603.297,677.821,147,0,994,213.216
281,392.295,603.628,676.588,146,0,995,212.256
280,377.629,603.114,674.119,145,0,996,212.045
267,379.97,604.267,671.199,144,0,2143,211.455
162,425.981,595.987,696.124,149,0,998,213.147
175,414.017,591.81,692.202,148,0,999,212.32
165,419.758,591.328,688.503,147,0,1000,213.216
170,407.659,590.712,688.237,146,0,1001,212.256
170,409.253,588.91,688.035,145,0,1002,212.045
175,393.777,587.62,687.51,144,0,2140,211.455
473,368.444,599.637,687.453,143,0,1004,213.236
461,367.922,601.278,684.65,142,0,1005,210.777
460,359.233,602.056,681.666,141,0,1006,211.813
447,364.982,603.226,678.884,140,0,1007,211.237
465,366.413,602.109,675.9,139,0,1008,212.178
421,363.753,601.97,673.156,138,0,1009,212.726
417,361.722,603.63,670.801,137,0,1010,212.893
395,360.711,605.665,668.938,136,0,1011,211.171
377,366.989,606.926,665.41,135,0,1012,212.809
364,372.613,607.842,663.131,134,0,1013,212.085
350,370.637,608.812,661.854,133,0,1014,214.753
326,368.718,609.765,660.487,132,0,1015,210.696
316,370.513,611.305,659.846,131,0,1016,210.73
304,364.987,611.656,659.08,130,0,1017,210.243
292,368.442,614.424,658.221,129,0,1018,211.72
294,370.439,615.698,658.393,128,0,1019,212.09
274,379.916,616.748,658.41,127,0,1020,211.552
265,378.204,616.86,658.513,126,0,1021,212.746
255,373.541,618.375,657.935,125,0,1022,209.849
259,374.896,618.936,658.114,124,0,1023,211.477
262,362.565,619.985,658.455,123,0,1024,211.164
250,373.22,620.151,658.156,122,0,1025,212.984
519,365.143,603.108,662.352,121,0,1026,211.873
515,362.878,605.07,662.129,120,0,1027,211.73
493,355.178,605.67,661.684,119,0,1028,211.258
472,357.561,606.869,661.231,118,0,1029,209.707
472,361.117,606.975,660.748,117,0,1030,210.403
445,368.121,607.062,659.935,116,0,1031,212.134
409,371.403,608.625,658.005,115,0,1032,211.578
403,372.665,609.92,657.191,114,0,1033,210.83
394,368.332,611.67,656.32,113,0,1034,209.575
392,369.089,611.613,655.846,112,0,1035,212.554
393,367.585,611.953,655.84,111,0,1036,211.311
365,360.825,612.586,655.697,110,0,1037,208.989
351,363.986,613.129,655.363,109,0,1038,211.254
349,359.725,613.549,655.052,108,0,1039,213.042
351,349.886,613.239,654.964,107,0,1040,211.606
346,355.806,614.31,654.596,106,0,1041,210.511
334,351.207,615.278,654.321,105,0,1042,211.636
331,350.384,616.389,653.785,104,0,1043,211.862
319,353.765,616.881,652.723,103,0,1044,211.712
307,345.775,617.844,651.968,102,0,1045,211.364
287,347.387,618.087,651.645,101,0,1046,211.015
278,338.946,618.284,651.279,100,0,1047,211.909
281,337.053,619.857,650.923,99,0,564,212.201
252,384.317,616.817,702.547,149,0,1049,213.147
275,378.371,616.21,700.089,148,0,1050,212.32
275,370.313,614.774,697.956,147,0,1051,213.216
262,374.263,613.824,696.355,146,0,1052,212.256
249,373.582,611.832,692.324,145,0,1053,212.045
248,367.629,612.462,687.131,144,0,1003,211.455
240,383.308,604.469,717.667,149,0,1055,213.147
518,367.948,588.528,721.41,148,0,1056,212.32
532,362.128,586.018,720.32,147,0,1057,213.216
491,361.273,586.155,718.974,146,0,1058,212.256
458,364.083,585.215,716.962,145,0,1059,212.045
466,356.455,585.197,714.688,144,0,1060,211.455
457,352.004,584.07,711.525,143,0,1061,213.236
438,346.235,583.641,710.372,142,0,1062,210.777
452,341.007,581.933,708.507,141,0,1063,211.813
443,346.508,579.643,705.493,140,0,1064,211.237
469,341.017,574.813,703.599,139,0,1065,212.178
464,340.629,573.478,700.488,138,0,1066,212.726
444,349.054,571.821,697.854,137,0,1067,212.893
403,345.873,571.832,694.753,136,0,1068,211.171
441,339.041,568.943,692.132,135,0,1069,212.809
416,336.577,567.657,688.926,134,0,1070,212.085
420,334.893,566.834,686.288,133,0,1071,214.753
411,339.28,567.477,682.638,132,0,1072,210.696
382,342.042,568.99,679.243,131,0,1073,210.73
353,346.34,571.174,676.414,130,0,1074,210.243
332,354.25,573.878,673.539,129,0,1075,211.72
299,362.843,576.541,669.903,128,0,1076,212.09
287,372.035,578.633,669.364,127,0,1077,211.552
283,363.83,579.95,669.048,126,0,1078,212.746
283,356.898,582.254,668.414,125,0,1079,209.849
279,363.53,582.532,667.841,124,0,1080,211.477
282,357.83,584.053,667.306,123,0,1081,211.164
261,365.866,586.495,666.627,122,0,1025,212.984
239,375.343,571.334,729.515,149,0,1055,213.147
368,348.326,525.406,715.051,149,0,1084,213.147
357,354.686,529.787,713.359,148,0,1085,212.32
333,344.384,531.622,712.001,147,0,2136,213.216
274,388.412,558.038,696.946,149,0,1087,213.147
242,378.62,560.45,693.11,148,0,1088,212.32
239,389.259,562.658,689.386,147,0,1089,213.216
239,394.82,563.976,686.174,146,0,1090,212.256
243,391.852,567.799,679.349,145,0,1091,212.045
247,384.518,569.373,678.35,144,0,1092,211.455
213,391.117,568.136,678.128,143,0,1093,213.236
507,361.29,552.661,690.776,142,0,1094,210.777
511,358.436,552.158,690.227,141,0,1095,211.813
508,356.069,551.351,689.088,140,0,1096,211.237
481,357.786,550.4,687.872,139,0,1097,212.178
445,354.611,550.172,687.087,138,0,1098,212.726
416,354.053,551.185,686.497,137,0,1099,212.893
427,347.607,551.557,685.844,136,0,1100,211.171
433,353.136,549.209,683.89,135,0,1101,212.809
422,349.967,547.32,682.561,134,0,1102,212.085
399,358.09,543.855,679.837,133,0,1103,214.753
395,352.109,542.472,679.614,132,0,1104,210.696
384,350.935,542.3,677.69,131,0,1105,210.73
375,349.099,542.775,676.362,130,0,1106,210.243
341,349.49,543.677,675.266,129,0,1107,211.72
339,348.785,544.115,674,128,0,1108,212.09
339,345.637,546.145,672.036,127,0,1109,211.552
320,350.578,547.694,670.749,126,0,1110,212.746
327,337.664,549.92,670.254,125,0,1111,209.849
309,342.123,550.337,669.111,124,0,1112,211.477
294,350.105,550.94,666.528,123,0,1113,211.164
286,355.336,551.932,664.971,122,0,1114,212.984
276,352.076,552.167,663.645,121,0,1115,211.873
272,351.886,555.244,663.729,120,0,1116,211.73
286,349.92,555.761,663.661,119,0,1117,211.258
300,341.37,558.18,663.117,118,0,1118,209.707
282,345.149,558.794,662.82,117,0,1119,210.403
415,357.976,571.887,658.568,116,0,1120,212.134
387,367.049,572.716,658.466,115,0,1121,211.578
378,356.28,573.946,657.915,114,0,1122,210.83
352,362.077,574.909,657.568,113,0,1123,209.575
354,355.528,575.747,657.232,112,0,1124,212.554
337,345.843,576.041,657.452,111,0,1125,211.311
343,347.286,576.688,657.435,110,0,1126,208.989
320,354.603,576.983,657.434,109,0,1127,211.254
317,352.076,578.273,656.723,108,0,1128,213.042
304,346.72,578.618,656.559,107,0,1129,211.606
303,353.96,580.005,656.057,106,0,1130,210.511
299,347.689,580.835,655.564,105,0,1131,211.636
290,347.938,581.609,655.27,104,0,1132,211.862
279,345.832,582.555,655.096,103,0,1133,211.712
275,335.327,584.269,654.756,102,0,1134,211.364
278,345.061,585.009,654.627,101,0,1135,211.015
275,330.687,585.165,654.579,100,0,1136,211.909
272,328.71,586.452,653.977,99,0,1137,212.201
249,332.558,587.9,653.062,98,0,1138,211.493
244,335.209,590.119,652.318,97,0,1139,211.673
231,332.58,591.333,651.358,96,0,1140,212.521
233,324.803,593.545,650.621,95,0,713,211.498
193,403.295,565.605,706.291,149,0,1142,213.147
200,393.84,563.789,706.199,148,0,1143,212.32
180,396.217,565.202,703.083,147,0,1144,213.216
180,392.383,565.317,701.306,146,0,1145,212.256
205,388.346,563.007,700.963,145,0,1146,212.045
203,377.217,563.179,701.357,144,0,1147,211.455
205,369.498,564.112,701.541,143,0,1148,213.236
203,368.951,565.704,700.974,142,0,1149,210.777
185,368.919,566.634,697.476,141,0,1150,211.813
369,385.995,574.4,678.51,140,0,1151,211.237
360,383.447,574.37,674.401,139,0,1152,212.178
331,385.486,574.239,672.59,138,0,1153,212.726
312,383.154,575.848,669.715,137,0,1154,212.893
300,383.53,578.221,666.485,136,0,1155,211.171
288,380.552,577.656,664.403,135,0,1156,212.809
270,375.611,577.693,661.62,134,0,1157,212.085
268,376.41,578.316,660.295,133,0,1158,214.753
242,376.459,578.081,658.523,132,0,1159,210.696
225,383.991,580.034,656.917,131,0,1160,210.73
202,383.619,580.92,656.083,130,0,1161,210.243
184,375.766,583.404,654.818,129,0,1162,211.72
172,391.599,585.605,653.713,128,0,1163,212.09
182,386.764,586.791,653.687,127,0,1164,211.552
167,387.485,587.035,653.827,126,0,1165,212.746
169,380.982,588.821,653.271,125,0,1166,209.849
181,383.569,589.221,653.22,124,0,1167,211.477
173,390.006,589.711,653.485,123,0,1168,211.164
172,386.686,589.555,653.381,122,0,1169,212.984
167,392.587,588.882,653.464,121,0,1170,211.873
156,385.769,590.105,652.908,120,0,1171,211.73
152,386.039,589.293,652.73,119,0,1172,211.258
145,388.09,589.699,652.14,118,0,1173,209.707
144,397.222,589.665,651.878,117,0,1119,210.403
255,389.604,576.924,714.61,149,0,1175,213.147
255,387.075,579.298,710.566,148,0,1176,212.32
245,383.216,579.073,707.768,147,0,1177,213.216
246,393.256,579.171,707.006,146,0,1178,212.256
227,380.414,578.168,706.739,145,0,1179,212.045
202,385.455,581.327,703.813,144,0,1003,211.455
433,395.903,517.159,686.696,149,0,1181,213.147
423,394.976,519.022,686.049,148,0,1182,212.32
409,396.423,518.573,685.188,147,0,1183,213.216
418,394.811,520.878,682.143,146,0,1184,212.256
395,397.911,520.639,680.613,145,0,1185,212.045
380,393.892,519.71,679.833,144,0,1186,211.455
356,392.508,519.336,679.164,143,0,1187,213.236
376,386.684,519.548,678.65,142,0,1188,210.777
374,378.513,519.489,677.254,141,0,1189,211.813
357,392.748,519.155,676.71,140,0,1190,211.237
343,388.09,517.976,676.427,139,0,1191,212.178
340,396.026,518.054,676.097,138,0,1192,212.726
343,375.399,517.665,675.749,137,0,1193,212.893
335,375.242,518.397,675.147,136,0,1194,211.171
321,387.791,518.128,674.852,135,0,1195,212.809
312,386.17,516.996,674.089,134,0,1196,212.085
281,382.285,516.541,673.538,133,0,1197,214.753
293,375.512,515.315,672.982,132,0,1198,210.696
287,373.875,515.948,671.819,131,0,1199,210.73
279,372.183,515.747,670.881,130,0,1200,210.243
275,372.513,516.01,670.138,129,0,1201,211.72
284,363.764,515.685,668.984,128,0,1202,212.09
277,370.48,516.105,667.788,127,0,1203,211.552
291,367.302,515.635,666.031,126,0,1204,212.746
279,362.398,516.622,663.867,125,0,1205,209.849
271,360.55,516.417,662.86,124,0,1206,211.477
268,362.19,516.773,661.343,123,0,1207,211.164
273,363.103,516.652,659.879,122,0,1208,212.984
266,358.094,515.648,658.818,121,0,1209,211.873
280,360.464,516.903,657.808,120,0,1210,211.73
275,360.007,515.341,657.331,119,0,1211,211.258
258,360.872,514.67,656.99,118,0,1212,209.707
252,361.98,513.954,656.061,117,0,1213,210.403
235,370.323,512.305,655.667,116,0,1214,212.134
509,367.517,495.955,660.4,115,0,1215,211.578
507,365.349,496.064,659.657,114,0,1216,210.83
492,359.807,496.876,659.169,113,0,1217,209.575
485,365.81,496.435,659.026,112,0,1218,212.554
481,359.048,496.449,658.783,111,0,1219,211.311
449,365.621,495.839,658.607,110,0,1220,208.989
458,358.098,496.253,657.77,109,0,1221,211.254
461,357.456,498.289,656.826,108,0,1222,213.042
457,350.477,499.691,655.866,107,0,1223,211.606
432,357.627,501.336,655.041,106,0,1224,210.511
427,349.82,503.295,653.853,105,0,1225,211.636
415,352.742,505.689,652.644,104,0,1226,211.862
403,346.362,508.09,651.677,103,0,1227,211.712
365,347.964,511.279,651.165,102,0,1228,211.364
364,348.269,513.169,650.146,101,0,1229,211.015
346,338.387,513.863,649.602,100,0,1230,211.909
336,342.938,515.581,649.03,99,0,1231,212.201
331,343.411,515.163,648.993,98,0,1232,211.493
330,333.445,516.953,648.145,97,0,1233,211.673
323,330.288,516.921,648.067,96,0,1234,212.521
323,322.932,517.546,647.852,95,0,1235,211.498
306,324.765,518.37,647.396,94,0,1236,210.63
306,320.627,518.531,645.893,93,0,1237,212.038
312,314.795,519.778,644.274,92,0,1238,212.421
299,317.104,520.685,643.569,91,0,1239,210.775
305,305.41,521.991,642.707,90,0,1240,212.343
305,305.351,522.265,642.6,89,0,1241,212.977
300,310,523.208,642.39,88,0,1242,211.31
295,316.458,523.244,642.018,87,0,944,211.23
272,416.684,534.767,680.48,149,0,1244,213.147
255,423.078,535.559,679.078,148,0,1245,212.32
259,422.73,535.821,678.456,147,0,1246,213.216
241,426.668,537.714,675.303,146,0,1247,212.256
248,421.52,537.557,673.944,145,0,1248,212.045
250,418.504,537.928,673.727,144,0,1249,211.455
248,412.48,538.434,673.19,143,0,1250,213.236
237,412.451,538.402,672.223,142,0,1251,210.777
224,413.464,539.303,670.579,141,0,1252,211.813
210,416.29,539.009,669.631,140,0,1253,211.237
213,410.681,537.934,668.772,139,0,1254,212.178
201,420.149,537.976,668.686,138,0,1255,212.726
197,405.553,538.718,668.282,137,0,1256,212.893
190,404.863,540.657,666.407,136,0,1257,211.171
181,413.072,539.47,664.742,135,0,1258,212.809
174,408.218,538.34,662.914,134,0,1259,212.085
366,413.448,525.133,660.868,133,0,1260,214.753
348,409.753,524.64,660.026,132,0,1261,210.696
342,412.892,525.936,659.022,131,0,1262,210.73
335,405.343,527.495,657.904,130,0,1263,210.243
354,393.686,530.334,656.984,129,0,1264,211.72
335,391.863,530.873,655.759,128,0,1265,212.09
347,396.357,532.111,654.146,127,0,1266,211.552
331,382.024,533.083,652.746,126,0,1267,212.746
334,378.704,534.987,651.292,125,0,1268,209.849
317,375.59,535.927,650.984,124,0,1269,211.477
318,374.132,536.475,649.891,123,0,1270,211.164
287,360.99,537.718,648.734,122,0,1271,212.984
288,374.691,539.38,647.775,121,0,1272,211.873
295,359.8,541.409,646.953,120,0,1273,211.73
296,365.899,541.649,645.526,119,0,1274,211.258
297,365.424,543.74,644.461,118,0,1275,209.707
279,362.67,543.228,644.531,117,0,1276,210.403
284,352.028,543.645,644.468,116,0,1277,212.134
293,357.317,544.382,644.675,115,0,1278,211.578
267,345.12,544.867,644.935,114,0,1279,210.83
276,349.087,545.53,644.693,113,0,1280,209.575
280,347.871,543.783,644.386,112,0,1281,212.554
263,346.407,543.425,644.363,111,0,1282,211.311
259,342.035,541.724,643.477,110,0,2326,208.989
428,384.493,560.822,673.51,149,0,1284,213.147
415,385.73,561.3,670.573,148,0,1285,212.32
412,382.981,561.692,668.219,147,0,1286,213.216
385,387.187,562.061,665.056,146,0,1287,212.256
397,377.844,562.345,661.807,145,0,1288,212.045
382,374.749,562.813,661.306,144,0,1289,211.455
364,376.571,562.885,660.4,143,0,1290,213.236
356,367.517,564.516,658.462,142,0,1291,210.777
339,371.375,565.455,655.498,141,0,1292,211.813
334,374.153,565.496,653.08,140,0,1293,211.237
314,370.175,564.458,652.356,139,0,1294,212.178
311,364.341,563.86,652.644,138,0,1295,212.726
314,366.232,563.902,652.192,137,0,1296,212.893
316,360.642,565.077,650.647,136,0,1297,211.171
307,345.547,565.385,649.127,135,0,1298,212.809
282,351.656,566.283,648.047,134,0,1299,212.085
280,357.571,567.329,647.62,133,0,1300,214.753
270,355.874,567.745,647.317,132,0,810,210.696
227,404.515,554.691,660.302,149,0,1302,213.147
223,406.686,555.259,658.124,148,0,1303,212.32
221,398.394,553.958,656.017,147,0,1304,213.216
210,391.076,556.734,653.136,146,0,1305,212.256
206,407.359,554.945,650.612,145,0,1306,212.045
219,390.192,553.38,650.336,144,0,1307,211.455
198,395.162,547.862,650.763,143,0,1308,213.236
202,386.718,546.858,650.826,142,0,1309,210.777
191,385.649,546.3,650.178,141,0,1310,211.813
185,389.53,545.159,649.46,140,0,1311,211.237
176,400.324,543.125,649.77,139,0,1312,212.178
182,395.209,542.055,649.95,138,0,1313,212.726
181,388.856,541.345,649.232,137,0,1314,212.893
174,378.839,540.026,648.662,136,0,1315,211.171
171,383.632,537.898,648.562,135,0,1316,212.809
165,382.073,537.139,648.013,134,0,897,212.085
358,402.24,554.677,649.47,149,0,1318,213.147
346,396.688,556.098,647.332,148,0,1319,212.32
345,397.67,555.104,645.419,147,0,1320,213.216
346,401.751,552.566,642.732,146,0,1321,212.256
338,394.388,546.247,641.114,145,0,1322,212.045
312,387.173,544.426,640.855,144,0,1323,211.455
312,389.564,542.065,640.529,143,0,1324,213.236
315,385.841,540.831,640.39,142,0,1325,210.777
303,385.812,539.114,640.166,141,0,1326,211.813
296,383.892,538.15,639.415,140,0,1327,211.237
301,378.412,536.973,639.309,139,0,1328,212.178
291,379.148,536.022,639.515,138,0,1329,212.726
292,380.842,535.498,639.049,137,0,1330,212.893
287,380.854,535.765,638.36,136,0,1331,211.171
546,383.137,512.887,645.342,135,0,1332,212.809
514,382.977,514.089,644.418,134,0,1333,212.085
527,379.025,516.126,643.175,133,0,1334,214.753
503,381.644,516.258,642.874,132,0,1335,210.696
497,376.64,515.582,642.899,131,0,1336,210.73
505,371.301,515.373,642.642,130,0,1337,210.243
497,366.652,515.601,642.536,129,0,1338,211.72
484,368.349,515.696,641.68,128,0,1339,212.09
478,370.933,515.39,641.283,127,0,1340,211.552
489,361.153,514.309,640.951,126,0,1341,212.746
464,360.737,514.213,640.323,125,0,1342,209.849
460,357.376,514.878,639.801,124,0,1343,211.477
459,361.638,515.21,639.177,123,0,1344,211.164
444,355.545,515.446,638.917,122,0,1345,212.984
441,352.918,514.626,638.963,121,0,1346,211.873
432,356.479,515.154,638.971,120,0,1347,211.73
423,355.577,514.148,638.787,119,0,1348,211.258
408,352.426,515.53,638.357,118,0,1349,209.707
392,352.477,515.423,638.207,117,0,1350,210.403
384,352.227,516.543,637.508,116,0,1351,212.134
354,361.427,518.569,635.994,115,0,1352,211.578
334,366.356,520.577,635.008,114,0,1353,210.83
332,373.099,522.127,634.438,113,0,1354,209.575
323,369.307,521.95,633.681,112,0,1355,212.554
311,365.672,523.487,632.829,111,0,1356,211.311
308,373.292,525.926,631.487,110,0,1357,208.989
479,370.188,540.425,626.716,109,0,1358,211.254
463,374.922,542.074,625.951,108,0,1359,213.042
449,364.122,542.965,625.483,107,0,1360,211.606
442,368.905,543.043,625.543,106,0,1361,210.511
415,366.884,543.776,625.158,105,0,1362,211.636
415,358.258,546.044,624.459,104,0,1363,211.862
410,362.222,547.29,624.065,103,0,1364,211.712
383,359.587,548.812,623.643,102,0,1365,211.364
374,359.259,550.78,622.935,101,0,1366,211.015
368,358.38,552.181,622.417,100,0,1367,211.909
342,351.243,554.732,621.889,99,0,1368,212.201
354,343.41,553.817,622.053,98,0,1369,211.493
337,348.682,554.835,621.51,97,0,1370,211.673
332,340.651,555.789,621.201,96,0,1371,212.521
321,337.399,555.801,621.299,95,0,1372,211.498
314,330.127,555.452,621.287,94,0,1373,210.63
314,325.933,555.777,621.19,93,0,1374,212.038
305,331.262,556.269,621.027,92,0,1375,212.421
299,324.12,558.124,620.523,91,0,1376,210.775
296,318.777,559.959,620.244,90,0,1377,212.343
294,314.656,560.877,620.055,89,0,1378,212.977
289,318.412,561.664,619.9,88,0,1379,211.31
291,312.127,563.215,620.261,87,0,1380,211.23
279,312.595,564.23,620.26,86,0,1381,212.629
277,309.473,564.906,620.161,85,0,1382,211.484
262,316,565.924,620.099,84,0,1383,213.109
249,310.606,567.464,620.064,83,0,1384,211.57
238,317.218,568.823,620.249,82,0,1385,212.082
246,314.081,569.496,620.371,81,0,356,211.705
381,394.11,547.388,637.563,149,0,1387,213.147
382,395.026,540.968,636.333,148,0,1388,212.32
376,397.859,538.766,635.032,147,0,1389,213.216
375,391.837,534.392,632.938,146,0,1390,212.256
343,397.233,530.673,631.977,145,0,1391,212.045
332,384.904,529.429,632.082,144,0,1392,211.455
316,384.816,526.763,632.079,143,0,1393,213.236
312,386.369,524.908,632.689,142,0,1394,210.777
298,379.668,522.236,633.072,141,0,1395,211.813
314,381.806,520.517,633.174,140,0,1396,211.237
310,384.406,516.836,633.681,139,0,1397,212.178
311,381.357,515.07,634.137,138,0,1398,212.726
286,379.297,514.093,633.905,137,0,1399,212.893
279,377.52,513.099,633.723,136,0,1400,211.171
250,378.832,511.851,632.966,135,0,1401,212.809
250,386.04,511.492,632.772,134,0,1402,212.085
225,390.773,510.832,630.847,133,0,1403,214.753
223,394.964,508.842,630.833,132,0,1404,210.696
215,384.167,507.242,631.031,131,0,1405,210.73
198,397.131,506.172,631.102,130,0,1406,210.243
390,382.554,491.488,633.303,129,0,1407,211.72
357,386.683,490.056,633.49,128,0,1408,212.09
358,386.983,490.338,633.133,127,0,1409,211.552
329,378.219,488.912,633.196,126,0,1410,212.746
329,375.839,488.388,633.117,125,0,1411,209.849
317,380.183,488.831,632.98,124,0,1412,211.477
321,372.928,488.939,632.673,123,0,1413,211.164
312,368.144,488.652,632.742,122,0,1414,212.984
294,361.912,487.637,632.861,121,0,1415,211.873
299,367.448,488.191,632.676,120,0,1416,211.73
279,369.018,486.91,632.648,119,0,1417,211.258
277,365.31,487.706,632.495,118,0,1418,209.707
259,373.849,487.127,632.71,117,0,1419,210.403
258,361.043,488.704,632.419,116,0,1420,212.134
251,368.861,488.559,632.354,115,0,1421,211.578
246,360.435,488.31,632.398,114,0,1422,210.83
232,361.233,489.481,632.331,113,0,1423,209.575
232,368.224,488.589,632.322,112,0,1424,212.554
227,370.286,489.851,632.245,111,0,1425,211.311
231,367.16,489.65,632.312,110,0,1426,208.989
217,372.092,489.447,632.187,109,0,1427,211.254
221,368.615,488.835,631.754,108,0,1428,213.042
209,364.1,491.012,631.649,107,0,1429,211.606
217,360.18,491.446,630.63,106,0,1430,210.511
215,363.605,491.19,630.741,105,0,1431,211.636
212,369.231,493.135,630.958,104,0,1432,211.862
483,344.418,474.032,629.019,103,0,1433,211.712
470,343.806,474.365,628.602,102,0,1434,211.364
464,343.659,475.008,628.315,101,0,1435,211.015
458,336.323,475.182,627.714,100,0,1436,211.909
438,334.489,476.973,626.861,99,0,1437,212.201
431,330.262,476.978,626.428,98,0,1438,211.493
423,331.695,477.538,625.761,97,0,1439,211.673
400,332.052,478.58,624.815,96,0,1440,212.521
371,336.822,480.979,624.642,95,0,1441,211.498
375,326.869,481.968,624.088,94,0,1442,210.63
360,325.297,480.884,623.369,93,0,1443,212.038
339,332.186,481.115,622.725,92,0,1444,212.421
341,332.437,481.273,621.753,91,0,1445,210.775
337,335.436,481.685,620.936,90,0,1446,212.343
344,328.733,481.055,620.289,89,0,1447,212.977
326,324.604,481.708,620.078,88,0,1448,211.31
330,330.548,481.648,619.518,87,0,1449,211.23
321,325.748,481.67,619.347,86,0,1450,212.629
305,330.387,481.583,618.006,85,0,1451,211.484
308,327.912,482.317,616.852,84,0,1452,213.109
303,335.884,483.382,615.651,83,0,1453,211.57
285,341.568,484.204,614.393,82,0,1454,212.082
282,336.149,485.901,613.783,81,0,1455,211.705
274,335.989,486.78,613.187,80,0,1456,213.53
274,335.573,487.14,612.742,79,0,1457,212.055
261,343.762,486.482,612.239,78,0,1458,213.574
258,338.442,487.139,611.517,77,0,1459,212.166
256,329.953,487.71,611.102,76,0,1460,213.426
259,336.031,487.64,610.419,75,0,1461,214.163
257,332.222,488.033,610.052,74,0,1462,213.041
236,334.148,488.738,609.806,73,0,1463,213.648
244,343.156,488.572,609.515,72,0,1464,213.594
241,330.44,488.946,609.439,71,0,2256,214.128
269,402.305,582.564,633.064,149,0,1466,213.147
289,393.478,579.397,631.757,148,0,1467,212.32
270,396.411,579.542,630.476,147,0,1468,213.216
261,390.149,578.741,630.228,146,0,1469,212.256
231,392.541,575.782,628.533,145,0,1470,212.045
241,394.004,573.196,627.745,144,0,1471,211.455
232,386.276,570.975,625.764,143,0,1472,213.236
215,387,568.293,624.353,142,0,1473,210.777
214,376.995,567.396,623.116,141,0,1474,211.813
193,379.425,566.203,621.299,140,0,1475,211.237
383,384.648,546.683,620.204,139,0,1476,212.178
349,376.682,548.956,620.13,138,0,1477,212.726
352,375.523,549.481,620.018,137,0,1478,212.893
336,382.848,552.34,620.178,136,0,1479,211.171
326,387.27,554.667,619.91,135,0,1480,212.809
309,377.625,556.152,620.256,134,0,1481,212.085
314,383.385,556.941,620.086,133,0,1482,214.753
321,377.632,557.745,620.039,132,0,1483,210.696
311,380.977,561.306,620.163,131,0,1484,210.73
310,376.423,564.515,620.229,130,0,1485,210.243
306,372.869,565.959,620.227,129,0,1486,211.72
300,384.117,566.717,620.15,128,0,1487,212.09
302,378.093,566.497,619.837,127,0,1488,211.552
284,384.599,565.664,619.821,126,0,1489,212.746
269,364.375,566.566,619.523,125,0,1490,209.849
266,368.346,565.951,619.522,124,0,1491,211.477
256,368.336,567.417,619.527,123,0,1492,211.164
267,370.693,568.224,619.49,122,0,1493,212.984
261,369.908,567.723,619.677,121,0,1494,211.873
254,371.024,567.117,619.77,120,0,1495,211.73
232,368.293,564.816,619.517,119,0,1496,211.258
226,370.168,564.043,619.002,118,0,1497,209.707
213,376.38,560.558,619.294,117,0,1498,210.403
224,376.473,559.973,619.138,116,0,1499,212.134
217,361.493,559.456,618.976,115,0,1500,211.578
203,382.532,559.021,619.066,114,0,1501,210.83
212,379.821,559.247,619.273,113,0,1502,209.575
208,375.255,557.842,619.205,112,0,1503,212.554
213,379.178,560.361,621.118,111,0,1504,211.311
200,366.675,560.941,620.974,110,0,1357,208.989
281,429.52,593.229,623.696,149,0,1506,213.147
277,412.087,596.901,625.578,148,0,1507,212.32
289,424.042,598.179,625.307,147,0,1508,213.216
277,417.953,597.728,624.936,146,0,1509,212.256
258,416.209,596.971,623.56,145,0,1510,212.045
214,413.883,595.565,620.501,144,0,1511,211.455
211,418.469,597.737,619.95,143,0,1512,213.236
211,424.024,600.306,620.194,142,0,1513,210.777
197,413.685,602.783,620.658,141,0,1514,211.813
182,418.176,605.177,620.517,140,0,297,211.237
275,402.331,540.256,623.017,149,0,1516,213.147
260,393.627,537.176,622.542,148,0,1517,212.32
244,397.258,536.239,621.752,147,0,1518,213.216
200,407.625,536.688,619.612,146,0,1519,212.256
172,405.82,532.654,619.364,145,0,1520,212.045
169,400.243,531.61,619.481,144,0,1521,211.455
187,394.701,528.893,619.664,143,0,1522,213.236
164,386.646,526.995,619.7,142,0,1523,210.777
169,388.757,525.861,619.871,141,0,1524,211.813
167,388.856,528.252,619.528,140,0,1475,211.237
204,401.48,499.366,620.893,149,0,1526,213.147
187,409,496.969,621.242,148,0,1527,212.32
189,410.138,494.637,621.436,147,0,1528,213.216
191,414.801,493.504,621.598,146,0,1529,212.256
175,417.709,492.161,621.523,145,0,1530,212.045
189,405.968,491.249,621.666,144,0,1531,211.455
176,398.983,490.277,621.616,143,0,1532,213.236
186,395.71,488.741,622.088,142,0,1533,210.777
359,395.181,470.725,626.618,141,0,2288,211.813
374,395.893,483.454,635.536,149,0,1535,213.147
361,395.271,483.188,635.391,148,0,1536,212.32
361,399.341,482.917,635.39,147,0,1537,213.216
322,399.45,481.531,635.185,146,0,1538,212.256
299,397.187,478.475,635.299,145,0,1539,212.045
297,395.246,477.632,635.9,144,0,1540,211.455
281,393.185,477.596,635.572,143,0,1541,213.236
277,386.708,476.709,635.753,142,0,1542,210.777
259,383.008,475.644,636.186,141,0,1543,211.813
242,396.996,476.171,636,140,0,1544,211.237
242,388.202,474.429,635.859,139,0,1545,212.178
238,386.092,473.866,635.946,138,0,1546,212.726
228,387.864,472.767,636.186,137,0,1547,212.893
220,379.586,474.545,635.687,136,0,1548,211.171
212,390.929,473.924,635.58,135,0,1549,212.809
202,386.327,473.144,635.861,134,0,1550,212.085
209,382.215,473.471,635.692,133,0,1551,214.753
193,376.886,472.364,635.836,132,0,1552,210.696
174,395.874,473.252,635.684,131,0,1553,210.73
177,389.486,474.518,635.654,130,0,1406,210.243
364,376.786,479.368,648.384,149,0,1555,213.147
360,383.617,476.635,649.086,148,0,1556,212.32
341,383.68,476.813,648.846,147,0,1557,213.216
321,381.009,476.076,647.875,146,0,1558,212.256
295,393.793,474.87,647.89,145,0,1559,212.045
275,390.52,475.8,647.889,144,0,1560,211.455
272,390.596,475.279,647.737,143,0,1561,213.236
268,387.899,474.646,648.043,142,0,1562,210.777
268,395.672,474.49,648.205,141,0,1563,211.813
254,399.343,473.408,648.221,140,0,1564,211.237
253,382.462,472.33,648.312,139,0,1565,212.178
243,390.477,470.771,648.494,138,0,1566,212.726
240,383.7,470.153,648.44,137,0,1567,212.893
226,387.265,470.983,648.289,136,0,1568,211.171
230,389.17,471.481,647.867,135,0,1569,212.809
219,389.224,472.686,647.829,134,0,1570,212.085
217,390.853,475.233,647.187,133,0,1571,214.753
210,379.624,475.756,647.366,132,0,1572,210.696
201,382.896,475.378,647.135,131,0,1573,210.73
198,369.242,475.019,647.389,130,0,1574,210.243
191,380.984,476.422,647.268,129,0,1575,211.72
182,373.604,476.392,647.371,128,0,1576,212.09
173,376.104,475.435,647.144,127,0,1577,211.552
160,374.412,473.26,647.005,126,0,1578,212.746
170,365.653,474.407,646.907,125,0,1579,209.849
384,355.544,456.654,647.521,124,0,1580,211.477
398,350.369,457.583,647.192,123,0,1581,211.164
371,342.523,458.168,646.142,122,0,1582,212.984
376,348.441,458.053,645.669,121,0,1583,211.873
361,349.061,459.89,645.258,120,0,1584,211.73
351,348.259,460.709,644.916,119,0,1585,211.258
360,338.253,463.509,644.982,118,0,1586,209.707
341,346.337,464.07,645.013,117,0,1587,210.403
337,336.11,466.351,644.731,116,0,1588,212.134
345,337.472,468.424,644.914,115,0,1589,211.578
345,339.855,471.301,645.033,114,0,1590,210.83
346,330.717,472.834,644.905,113,0,1591,209.575
320,343.594,475.307,645.15,112,0,1592,212.554
311,332.328,477.07,645.37,111,0,1593,211.311
289,333.377,480.715,644.89,110,0,1594,208.989
270,339.389,482.947,644.74,109,0,1595,211.254
253,345.316,486.761,644.176,108,0,1596,213.042
250,336.78,488.008,643.795,107,0,1597,211.606
245,337.22,488.279,643.31,106,0,1598,210.511
241,321.788,486.887,643.526,105,0,1599,211.636
230,332.93,488.103,643.46,104,0,1600,211.862
229,332.524,490.967,643.238,103,0,1601,211.712
211,336.64,503.398,641.369,102,0,1602,211.364
197,335.655,505.718,640.166,101,0,1603,211.015
199,334.663,507.792,638.81,100,0,1604,211.909
190,335.068,510.817,637.234,99,0,1605,212.201
453,319.698,496.714,645.716,98,0,1606,211.493
443,314.379,498.972,645.199,97,0,1607,211.673
442,316.928,500.081,644.637,96,0,1608,212.521
422,310.841,501.029,644.234,95,0,1609,211.498
408,317.865,503.009,643.264,94,0,1610,210.63
392,310.255,501.151,643.353,93,0,1611,212.038
379,310.855,500.191,643.36,92,0,1612,212.421
372,317.524,500.137,642.331,91,0,1613,210.775
362,316.566,500.439,641.425,90,0,1614,212.343
360,315.153,499.718,641.299,89,0,1615,212.977
353,320.538,499.94,640.649,88,0,1616,211.31
337,322.864,498.965,640.282,87,0,1617,211.23
334,321.757,498.333,639.349,86,0,1618,212.629
325,320.6,498.107,638.242,85,0,1619,211.484
317,322.817,498.689,637.379,84,0,1620,213.109
325,323.683,498.843,636.407,83,0,1621,211.57
307,313.984,498.37,635.615,82,0,1622,212.082
304,322.753,498.055,634.439,81,0,1623,211.705
296,316.905,498.672,633.31,80,0,1624,213.53
300,316.693,498.724,633.076,79,0,1625,212.055
302,311.136,498.54,632.33,78,0,1626,213.574
291,319.619,499.538,631.003,77,0,1627,212.166
280,315.486,500.658,629.477,76,0,1628,213.426
277,319.924,501.775,627.882,75,0,1629,214.163
273,317.938,501.921,626.701,74,0,1630,213.041
250,312.864,503.752,624.664,73,0,1631,213.648
242,319.037,504.798,623.137,72,0,1632,213.594
219,322.169,506.646,621.885,71,0,1633,214.128
431,323.265,522.591,620.369,70,0,1634,214.283
417,321.01,523.721,620.231,69,0,1635,213.51
401,324.868,526.139,620.157,68,0,1636,213.826
404,327.181,525.668,620.003,67,0,1637,213.654
386,328.207,526.506,620.049,66,0,1638,215.396
365,336.427,527.87,620.012,65,0,1639,213.203
375,324.432,528.633,619.911,64,0,1640,215.301
381,318.756,528.017,619.848,63,0,1641,215.7
361,327.446,529.64,620.235,62,0,1642,217.23
356,320.674,528.519,619.516,61,0,1643,216.332
343,318.542,529.395,619.565,60,0,1644,215.712
333,317.616,529.677,619.862,59,0,1645,215.868
327,317.817,530.298,620.009,58,0,1646,217.164
321,318.611,531.18,620.146,57,0,1647,215.75
309,323.926,531.423,620.286,56,0,1648,219.374
312,312.205,531.926,620.212,55,0,1649,218.294
300,322.66,532.512,620.366,54,0,1650,218.411
300,311.66,533.062,620.253,53,0,1651,220.518
296,319.331,534.965,620.102,52,0,1652,221.097
283,328.463,535.001,620.127,51,0,1653,218.691
274,322.77,534.783,619.985,50,0,1654,219.465
273,321.026,534.903,619.982,49,0,1655,219.705
279,320.875,534.624,619.875,48,0,1656,221.22
288,322.118,534.983,619.516,47,0,1657,220.051
271,321.583,535.842,619.594,46,0,1658,219.449
270,318.57,535.094,618.813,45,0,1659,221.238
267,313.846,533.771,618.265,44,0,1660,220.965
251,316.51,533.149,618.114,43,0,1661,220.75
243,315.449,532.487,617.635,42,0,1662,221.707
237,316.911,532.876,617.592,41,0,1663,221.288
527,311.083,516.548,614.18,40,0,1664,223.789
511,312.405,516.948,613.989,39,0,1665,221.967
497,312.068,516.226,613.943,38,0,1666,222.993
495,309.622,516.928,614.097,37,0,1667,225.29
492,312.134,516.388,613.989,36,0,1668,225.057
491,303.409,517.612,614.354,35,0,1669,225.833
477,308.759,517.387,614.16,34,0,1670,226.449
459,312.749,517.939,614.079,33,0,1671,226.127
448,315.446,517.675,614.047,32,0,1672,229.014
437,317.975,519.046,614.447,31,0,1673,228.186
431,321.947,518.718,614.109,30,0,1674,229.123
418,325.105,519.721,614.035,29,0,1675,230.136
398,326.967,519.238,613.746,28,0,1676,231.57
406,325.956,519.602,613.71,27,0,1677,231.026
394,326.312,519.579,613.58,26,0,1678,232.004
395,333.058,520.63,613.48,25,0,1679,233.924
384,331.01,520.287,613.625,24,0,1680,231.342
379,334.865,520.946,613.764,23,0,1681,234.463
367,340.322,521.922,613.633,22,0,1682,237.101
362,337.069,522.205,613.535,21,0,1683,235.228
346,335.653,521.94,613.607,20,0,1684,237.154
343,340.329,522.801,613.445,19,0,1685,237.834
345,347.501,523.736,613.166,18,0,1686,238.79
321,346.283,523.041,613.365,17,0,1687,240.911
322,359.13,523.399,613.376,16,0,1688,241.747
309,353.638,523.494,613.438,15,0,1689,243.129
304,354.487,523.584,613.54,14,0,1690,245.306
304,361.211,524.242,613.278,13,0,1691,247.824
294,366.204,525.435,613.433,12,0,1692,246.72
303,361.152,524.752,613.472,11,0,1693,250.855
519,373.231,539.99,612.727,10,0,1694,252.145
520,371.623,540.39,612.674,9,0,1695,255.205
512,375.059,540.446,612.797,8,0,1696,257.334
502,369.118,540.408,612.825,7,0,1697,261.189
491,372.434,540.329,612.927,6,0,1698,263.45
473,376.738,539.925,612.879,5,0,1699,267.807
491,379.88,539,612.748,4,0,1700,269.129
459,387.002,539.842,612.796,3,0,1701,274.702
464,397.528,539.807,612.536,2,0,1702,280.288
436,402.42,541.854,612.409,1,0,0,286.256
394,389.228,489.014,657.846,149,0,1704,213.147
359,386.418,490.105,657.636,148,0,1705,212.32
352,392.145,491.536,657.031,147,0,1706,213.216
333,389.832,489.191,655.651,146,0,1707,212.256
326,396.307,487.9,655.659,145,0,1708,212.045
310,388.335,488.509,655.661,144,0,1709,211.455
314,392.471,486.983,655.669,143,0,1710,213.236
286,390.357,487.107,655.95,142,0,1711,210.777
284,390.908,487.098,655.915,141,0,1712,211.813
263,387.567,487.152,655.62,140,0,1713,211.237
262,391.076,486.233,655.668,139,0,1714,212.178
251,386.311,486.293,655.249,138,0,1715,212.726
262,379.458,488.489,654.294,137,0,1716,212.893
270,375.078,491.2,653.464,136,0,1331,211.171
261,427.195,511.748,663.585,149,0,1718,213.147
254,424.295,513.337,663.052,148,0,1719,212.32
243,427.399,514.522,662.755,147,0,1720,213.216
232,430.897,515.766,659.915,146,0,1721,212.256
235,443.638,515.437,659.246,145,0,1722,212.045
213,435.563,514.788,659.626,144,0,1723,211.455
211,439.185,513.03,659.697,143,0,1724,213.236
202,427.649,512.252,659.632,142,0,1725,210.777
206,429.524,512.692,659.67,141,0,1726,211.813
204,416.554,512.179,659.511,140,0,1727,211.237
196,426.071,511.28,659.56,139,0,1728,212.178
199,424.965,510.701,659.59,138,0,1729,212.726
189,418.349,510.553,659.95,137,0,1730,212.893
199,409.497,512.174,661.114,136,0,1731,211.171
180,404.633,512.127,661.111,135,0,1732,212.809
181,410.282,511.955,660.847,134,0,1259,212.085
238,363.168,473.414,676.724,149,0,1734,213.147
514,367.245,461.27,680.197,148,0,1735,212.32
498,369.723,463.372,678.818,147,0,1736,213.216
478,378.973,465.737,676.643,146,0,1737,212.256
472,374.621,466.411,675.857,145,0,1738,212.045
460,376.652,467.101,675.652,144,0,1739,211.455
444,369.532,467.549,675.485,143,0,1740,213.236
422,379.55,467.843,675.451,142,0,1741,210.777
422,371.46,469.156,674.85,141,0,1742,211.813
404,381.344,469.341,674.216,140,0,1743,211.237
397,377.582,468.25,673.769,139,0,1744,212.178
406,385.022,468.571,673.647,138,0,1745,212.726
386,378.067,468.598,673.519,137,0,1746,212.893
393,371.672,471.56,672.804,136,0,1747,211.171
387,386.594,472.121,672.398,135,0,1748,212.809
367,380.469,473.023,672.153,134,0,1749,212.085
360,377.692,473.813,671.865,133,0,1750,214.753
348,371.739,475.219,671.602,132,0,1751,210.696
342,370.772,475.827,671.359,131,0,1752,210.73
339,369.091,476.373,671.297,130,0,1753,210.243
328,362.512,477.137,670.669,129,0,1754,211.72
311,366.138,477.441,669.976,128,0,1755,212.09
309,369.803,477.066,669.182,127,0,1756,211.552
301,363.203,475.856,668.81,126,0,1757,212.746
292,370.479,477.178,668.531,125,0,1758,209.849
289,362.356,477.471,668.078,124,0,1759,211.477
297,358.845,478.443,667.874,123,0,1760,211.164
288,358.226,478.677,667.489,122,0,1761,212.984
269,354.613,478.665,667.151,121,0,1762,211.873
281,357.014,479.209,666.947,120,0,1763,211.73
275,351.142,479.089,666.823,119,0,1764,211.258
274,353.38,480.244,666.255,118,0,1765,209.707
271,356.657,480.312,666.179,117,0,1766,210.403
269,354.658,480.908,665.746,116,0,1214,212.134
280,368.054,444.141,689.147,149,0,1734,213.147
222,381.77,441.623,671.955,149,0,1769,213.147
202,389.01,442.471,670.061,148,0,1770,212.32
196,389.801,443.696,668.959,147,0,1771,213.216
473,366.442,429.273,681.387,146,0,1772,212.256
440,370.225,430.406,679.987,145,0,1773,212.045
422,364.152,431.633,679.006,144,0,1774,211.455
434,366.935,431.243,679.355,143,0,1775,213.236
434,363.733,431.83,679.265,142,0,1776,210.777
415,360.137,433.717,678.176,141,0,1777,211.813
398,362.857,433.973,677.209,140,0,1778,211.237
371,361.879,433.379,676.066,139,0,1779,212.178
366,360.492,434.995,675.685,138,0,1780,212.726
338,360.376,436.231,674.334,137,0,1781,212.893
323,361.381,439.257,672.842,136,0,1782,211.171
310,362.442,441.545,671.188,135,0,1783,212.809
314,364.936,444.247,670.022,134,0,1784,212.085
298,364.141,449.666,667.603,133,0,1785,214.753
287,359.735,451.791,667.035,132,0,1786,210.696
275,362.436,453.344,666.692,131,0,1787,210.73
270,355.267,455.52,665.752,130,0,1788,210.243
243,364.342,458.309,664.344,129,0,1789,211.72
233,364.167,459.428,662.886,128,0,1790,212.09
209,375.732,460.579,661.193,127,0,1791,211.552
205,369.849,459.902,660.409,126,0,1792,212.746
509,335.204,441.802,661.498,125,0,1793,209.849
521,338.889,443.386,661.405,124,0,1794,211.477
503,337.797,446.241,661.348,123,0,1795,211.164
486,333.953,447.03,661.27,122,0,1796,212.984
463,336.832,449.226,661.006,121,0,1797,211.873
463,335.08,450.182,660.588,120,0,1798,211.73
446,329.159,451.042,660.23,119,0,1799,211.258
417,332.082,452.337,660.283,118,0,1800,209.707
422,325.187,452.667,660.062,117,0,1801,210.403
393,326.555,453.656,659.998,116,0,1802,212.134
401,323.244,453.98,660.607,115,0,1803,211.578
401,316.02,453.985,660.676,114,0,1804,210.83
382,310.903,454.462,660.947,113,0,1805,209.575
376,318.902,453.984,660.932,112,0,1806,212.554
359,309.836,454.767,660.898,111,0,1807,211.311
354,310.808,456.047,660.355,110,0,1808,208.989
337,309.804,456.291,660.416,109,0,1809,211.254
334,314.254,457.764,660.309,108,0,1810,213.042
345,306.301,458.768,660.058,107,0,1811,211.606
335,304.31,460.261,659.766,106,0,1812,210.511
333,300.916,461.165,659.782,105,0,1813,211.636
334,302.096,462.043,659.59,104,0,1814,211.862
337,293.632,462.484,659.382,103,0,1815,211.712
308,295.698,471.006,656.208,102,0,1816,211.364
300,304.913,474.868,654.669,101,0,1817,211.015
293,301.061,478.203,653.552,100,0,1818,211.909
263,300.053,482.846,652.552,99,0,1605,212.201
392,391.378,422.002,666.887,149,0,1820,213.147
382,390.366,421.362,667.065,148,0,1821,212.32
370,392.849,422.233,666.336,147,0,1822,213.216
347,386.968,423.301,665.932,146,0,1823,212.256
344,388.157,424.684,665.387,145,0,1824,212.045
344,384.91,426.388,664.465,144,0,1825,211.455
332,385.997,426.263,664.289,143,0,1826,213.236
334,377.722,427.054,664.157,142,0,1827,210.777
321,371.617,427.648,664.083,141,0,1828,211.813
320,374.812,428.223,663.76,140,0,1829,211.237
292,375.562,428.386,663.151,139,0,2311,212.178
199,402.387,457.202,630.501,149,0,1831,213.147
188,407.723,456.148,630.538,148,0,1832,212.32
192,419.958,454.887,630.701,147,0,1833,213.216
178,410.202,454.556,630.491,146,0,1834,212.256
170,416.671,453.448,630.525,145,0,1835,212.045
170,401.659,452.918,630.908,144,0,1836,211.455
188,398.681,452.872,630.708,143,0,1837,213.236
179,401.626,452.058,630.912,142,0,1533,210.777
197,415.127,419.485,642.913,149,0,1839,213.147
201,412.114,418.853,643.264,148,0,1840,212.32
200,411.28,419.171,643.093,147,0,1841,213.216
435,384.595,402.932,648.74,146,0,1842,212.256
429,387.191,402.43,648.828,145,0,1843,212.045
410,388.085,403.276,648.536,144,0,1844,211.455
395,379.825,404.55,648.162,143,0,1845,213.236
390,373.903,405.359,647.876,142,0,1846,210.777
391,379.396,406.655,647.528,141,0,1847,211.813
370,376.692,407.908,646.989,140,0,1848,211.237
341,386.194,411.843,645.127,139,0,1849,212.178
341,390.12,417.219,643.016,138,0,1850,212.726
323,383.625,422.217,641.015,137,0,1851,212.893
309,384.498,428.289,639.211,136,0,1852,211.171
295,383.342,432.548,637.056,135,0,1853,212.809
280,380.186,437.404,634.583,134,0,1854,212.085
267,389.154,441.069,633.273,133,0,1855,214.753
263,388.559,444.864,632.1,132,0,1856,210.696
260,383.515,449.773,630.434,131,0,1857,210.73
244,384.709,457.478,628.581,130,0,1858,210.243
239,383.657,461.826,627.441,129,0,1859,211.72
241,389.996,464.973,626.678,128,0,1860,212.09
238,385.513,467.195,625.882,127,0,1861,211.552
223,388.91,469.139,625.187,126,0,1862,212.746
229,380.131,472.39,624.422,125,0,1863,209.849
221,377.697,473.346,623.852,124,0,1864,211.477
209,377.014,475.625,623.172,123,0,1865,211.164
214,371.808,478.99,622.553,122,0,1866,212.984
208,375.216,480.998,621.995,121,0,1867,211.873
208,371.346,483.887,621.47,120,0,1868,211.73
200,369.74,483.032,621.503,119,0,1869,211.258
202,376.535,483.892,621.453,118,0,1870,209.707
420,378.295,501.808,620.084,117,0,1871,210.403
408,379.301,502.717,619.828,116,0,1872,212.134
399,372.243,503.25,619.724,115,0,1873,211.578
387,377.326,504.376,619.436,114,0,1874,210.83
381,377.223,506.674,619.251,113,0,1875,209.575
359,380.44,506.157,619.296,112,0,1876,212.554
362,374.171,506.809,619.158,111,0,1877,211.311
354,376.22,505.492,619.321,110,0,1878,208.989
342,381.126,505.554,619.046,109,0,1879,211.254
339,383.54,506.251,619.289,108,0,1880,213.042
338,378.251,506.52,619.007,107,0,1881,211.606
317,384.792,507.371,619.102,106,0,1882,210.511
310,382.626,507.691,618.971,105,0,1883,211.636
306,384.542,508.557,618.952,104,0,1884,211.862
280,381.721,508.95,618.989,103,0,1885,211.712
278,386.698,509.852,618.966,102,0,1886,211.364
287,381.38,510.221,619.178,101,0,1887,211.015
281,379.947,510.756,618.974,100,0,1888,211.909
284,363.187,511.207,618.726,99,0,1889,212.201
285,362.867,510.374,618.633,98,0,1890,211.493
274,363.018,510.591,618.597,97,0,1891,211.673
287,354.143,509.809,618.487,96,0,1892,212.521
281,358.117,509.398,618.264,95,0,1893,211.498
284,354.616,510.686,618.258,94,0,1894,210.63
276,349.804,509.738,618.284,93,0,1895,212.038
277,348.664,510.478,618.484,92,0,1896,212.421
281,348.395,511.345,618.699,91,0,1897,210.775
271,345.642,513.099,619.207,90,0,1898,212.343
277,343.812,514.3,619.273,89,0,1899,212.977
281,337.071,515.463,619.293,88,0,1900,211.31
274,339.15,517.194,619.07,87,0,1901,211.23
276,342.942,519.237,619.101,86,0,1902,212.629
269,339.156,520.592,619.409,85,0,1903,211.484
262,340.817,521.856,619.423,84,0,1904,213.109
278,337.683,524.2,619.341,83,0,1905,211.57
265,336.574,525.791,619.615,82,0,1906,212.082
265,336.589,527.1,619.627,81,0,1907,211.705
252,342.246,528.21,619.626,80,0,1908,213.53
241,337.556,529.651,619.804,79,0,1909,212.055
248,329.464,531.017,619.685,78,0,1910,213.574
239,343.205,531.757,619.896,77,0,1911,212.166
235,334.583,533.46,619.779,76,0,1912,213.426
225,340.284,534.186,619.522,75,0,1913,214.163
233,331.365,534.373,619.784,74,0,1914,213.041
219,327.237,535.707,619.681,73,0,1915,213.648
214,326.397,536.103,619.727,72,0,1916,213.594
218,330.028,536.509,619.829,71,0,1633,214.128
169,393.71,429.843,650.637,149,0,1918,213.147
169,394.97,432.318,649.632,148,0,1919,212.32
161,393.267,432.988,649.26,147,0,1920,213.216
157,395.682,433.294,649.028,146,0,1921,212.256
148,400.23,432.638,648.999,145,0,1922,212.045
316,384.139,418.856,655.011,144,0,1923,211.455
297,377.727,419.904,654.589,143,0,1924,213.236
290,374.672,420.968,654.266,142,0,1925,210.777
276,374.214,421.929,653.833,141,0,1926,211.813
279,375.29,423.843,653.017,140,0,1927,211.237
270,377.622,424.794,651.988,139,0,1928,212.178
248,381.544,425.776,651.803,138,0,1929,212.726
227,384.026,427.576,651.264,137,0,1930,212.893
216,386.778,429.477,650.775,136,0,1931,211.171
215,373.967,429.912,649.296,135,0,1932,212.809
241,376.548,430.538,648.27,134,0,1933,212.085
251,374.426,432.145,647.411,133,0,1934,214.753
226,370.164,433.997,646.809,132,0,1935,210.696
231,373.632,435.068,644.88,131,0,1936,210.73
222,370.45,436.856,642.523,130,0,1937,210.243
221,366.348,438.651,641.394,129,0,1938,211.72
204,364.873,438.827,640.27,128,0,1939,212.09
204,376.373,439.973,638.902,127,0,1940,211.552
194,364.948,439.747,637.776,126,0,1941,212.746
183,368.355,441.196,636.567,125,0,1942,209.849
434,342.263,426.512,635.758,124,0,1943,211.477
417,335.249,428.333,635.158,123,0,1944,211.164
406,341.379,429.797,634.573,122,0,1945,212.984
383,334.624,432.462,634.102,121,0,1946,211.873
369,331.304,435.194,633.794,120,0,1947,211.73
364,339.231,435.398,633.656,119,0,1948,211.258
344,336.913,437.691,633.494,118,0,1949,209.707
346,335.997,439.183,633.102,117,0,1950,210.403
343,331.866,441.652,632.935,116,0,1951,212.134
330,340.027,443.756,632.477,115,0,1952,211.578
315,331.146,447.722,631.435,114,0,1953,210.83
297,344.411,451.068,630.758,113,0,1954,209.575
278,336.414,452.284,630.089,112,0,1955,212.554
275,334.033,453.309,630.293,111,0,1956,211.311
279,345.358,453.492,629.885,110,0,1957,208.989
275,345.665,453.415,629.783,109,0,1958,211.254
277,338.054,453.942,629.692,108,0,1959,213.042
293,326.717,455.41,629.662,107,0,1960,211.606
276,330.207,455.713,629.888,106,0,1961,210.511
272,335.276,456.928,628.819,105,0,1962,211.636
277,326.502,459.303,628.407,104,0,1432,211.862
187,376.155,396.07,664.45,149,0,1964,213.147
183,369.885,398.196,663.867,148,0,1965,212.32
168,376.488,400.194,662.936,147,0,1966,213.216
171,371.462,402.037,662.516,146,0,1967,212.256
156,372.058,403.076,662.088,145,0,1922,212.045
295,353.42,414.967,695.986,149,0,1969,213.147
297,354.475,416.435,693.711,148,0,1970,212.32
283,349.986,418.345,690.899,147,0,1771,213.216
275,349.796,392.145,685.875,149,0,1972,213.147
279,340.875,393.187,685.284,148,0,1973,212.32
585,331.701,379.029,672.535,147,0,1974,213.216
561,334.909,379.851,672.821,146,0,1975,212.256
547,337.176,381.797,672.948,145,0,1976,212.045
533,330.206,382.68,672.095,144,0,1977,211.455
523,329.711,384.122,671.899,143,0,1978,213.236
518,327.122,385.482,671.577,142,0,1979,210.777
518,325.965,387.811,672.401,141,0,1980,211.813
494,327.901,390.077,672.253,140,0,1981,211.237
491,333.792,392.109,670.689,139,0,1982,212.178
457,336.033,396.838,670.278,138,0,1983,212.726
428,335.619,401.16,669.764,137,0,1984,212.893
415,326.395,405.547,669.618,136,0,1985,211.171
398,333.925,407.009,667.855,135,0,1986,212.809
384,328.672,407.783,666.366,134,0,1987,212.085
396,328.46,407.727,666.218,133,0,1988,214.753
377,325.679,409.534,666.347,132,0,1989,210.696
360,329.217,411.609,666.252,131,0,1990,210.73
334,320.398,414.457,664.735,130,0,1991,210.243
340,328.282,418.894,664.587,129,0,1992,211.72
318,319.119,420.532,664.225,128,0,1993,212.09
321,321.33,422.318,663.599,127,0,1994,211.552
301,323.425,423.414,663.268,126,0,1792,212.746
303,322.749,364.142,661.802,149,0,1996,213.147
310,331.106,365.293,662.084,148,0,1973,212.32
239,379.205,387.29,653.407,149,0,1998,213.147
229,377.502,387.886,653.562,148,0,1999,212.32
228,376.868,387.943,653.673,147,0,1841,213.216
298,320.587,361.895,635.666,149,0,2001,213.147
283,320.753,364.403,635.678,148,0,2002,212.32
447,338.389,376.925,637.115,147,0,2003,213.216
434,339.191,377.927,637.466,146,0,2004,212.256
423,337.801,377.907,637.501,145,0,2005,212.045
419,335.726,378.761,637.606,144,0,2006,211.455
404,342.121,378.55,637.541,143,0,2007,213.236
398,327.078,379.153,637.494,142,0,2008,210.777
380,332.826,380.946,637.561,141,0,2009,211.813
380,329.889,381.288,637.597,140,0,2010,211.237
376,332.154,381.579,637.774,139,0,2011,212.178
354,322.189,381.58,637.6,138,0,2012,212.726
339,322.198,382.376,637.556,137,0,2013,212.893
343,321,384.833,637.541,136,0,2014,211.171
349,324.395,385.732,637.614,135,0,2015,212.809
334,326.201,388.52,637.498,134,0,2016,212.085
305,322.938,394.071,637.269,133,0,2017,214.753
288,336.514,398.607,636.84,132,0,2018,210.696
295,321.461,399.794,636.728,131,0,2019,210.73
290,317.879,399.928,636.566,130,0,2020,210.243
284,313.644,401.958,636.075,129,0,2021,211.72
277,322.368,404.524,636.225,128,0,2022,212.09
282,320.078,406.247,635.938,127,0,2023,211.552
261,318.096,407.615,635.821,126,0,2024,212.746
246,311.963,410.444,635.91,125,0,1942,209.849
514,348.924,409.208,613.35,149,0,2026,213.147
512,348.715,410.43,613.265,148,0,2027,212.32
486,345.959,410.566,613.476,147,0,2028,213.216
487,345.051,411.036,613.586,146,0,2029,212.256
483,349.954,411.229,613.487,145,0,2030,212.045
469,340.689,411.218,613.776,144,0,2031,211.455
485,339.328,411.637,613.595,143,0,2032,213.236
459,340.059,412.147,613.536,142,0,2033,210.777
451,342.876,413.153,613.26,141,0,2034,211.813
433,345.677,413.399,613.308,140,0,2035,211.237
438,350.059,413.291,613.246,139,0,2036,212.178
418,343.062,413.357,613.146,138,0,2037,212.726
418,341.311,414.214,613.053,137,0,2038,212.893
420,334.643,415.423,613.435,136,0,2039,211.171
418,335.433,415.94,613.483,135,0,2040,212.809
403,333.866,415.767,613.797,134,0,2041,212.085
395,328.532,416.18,613.668,133,0,2042,214.753
391,329.895,415.46,613.773,132,0,2043,210.696
382,320.565,415.899,613.757,131,0,2044,210.73
383,317.911,416.488,613.829,130,0,2045,210.243
380,313.416,417.314,613.718,129,0,2046,211.72
361,309.474,417.384,613.84,128,0,2047,212.09
364,311.107,417.368,613.962,127,0,2048,211.552
351,311.883,417.188,613.818,126,0,2049,212.746
374,298.455,417.159,614.1,125,0,2050,209.849
386,298.811,417.219,614.01,124,0,2051,211.477
377,299.432,417.572,614.133,123,0,2052,211.164
367,299.414,417.67,614.355,122,0,2053,212.984
366,297.817,417.329,614.366,121,0,2054,211.873
372,296.957,418.637,614.14,120,0,2055,211.73
352,295.722,418.671,613.766,119,0,2056,211.258
349,294.799,420.437,613.276,118,0,2057,209.707
580,299.002,436.021,608.411,117,0,2058,210.403
559,298.601,437.001,608.307,116,0,2059,212.134
556,295.236,437.665,608.242,115,0,2060,211.578
560,295.386,437.399,608.475,114,0,2061,210.83
553,298.566,438.293,608.287,113,0,2062,209.575
543,295.687,437.86,608.342,112,0,2063,212.554
541,293.784,438.613,608.191,111,0,2064,211.311
521,300.858,438.618,608.298,110,0,2065,208.989
514,301.772,438.212,608.395,109,0,2066,211.254
499,298.14,438.612,608.361,108,0,2067,213.042
489,303.241,438.476,608.366,107,0,2068,211.606
474,290.686,438.688,608.415,106,0,2069,210.511
469,299.706,439.428,608.198,105,0,2070,211.636
446,304.067,440.05,608.334,104,0,2071,211.862
456,302.947,439.923,608.341,103,0,2072,211.712
449,298.911,440.61,608.67,102,0,2073,211.364
452,302.033,440.523,608.877,101,0,2074,211.015
458,301.024,440.628,608.928,100,0,2075,211.909
441,304.519,441.469,609.074,99,0,2076,212.201
430,297.807,441.371,609.219,98,0,2077,211.493
430,298.565,441.847,609.123,97,0,2078,211.673
436,307.305,441.512,609.309,96,0,2079,212.521
414,300.988,442.331,609.529,95,0,2080,211.498
412,309.216,443.453,609.634,94,0,2081,210.63
408,304.522,443.576,609.309,93,0,2082,212.038
407,307.44,443.429,609.546,92,0,2083,212.421
398,313.671,444.684,609.462,91,0,2084,210.775
396,310.74,445.776,609.391,90,0,2085,212.343
396,314.891,445.756,609.743,89,0,2086,212.977
384,307.969,446.536,609.765,88,0,2087,211.31
371,312.978,447.195,609.966,87,0,2088,211.23
380,309.476,448.184,609.836,86,0,2089,212.629
369,316.528,449.322,609.991,85,0,2090,211.484
348,312.693,450.36,609.986,84,0,2091,213.109
337,317.608,451.219,609.849,83,0,2092,211.57
346,318.659,452.224,609.963,82,0,2093,212.082
330,322.43,453.362,609.678,81,0,2094,211.705
344,311.997,454.021,609.36,80,0,2095,213.53
329,313.313,455.161,609.147,79,0,2096,212.055
314,319.831,455.038,609.205,78,0,2097,213.574
322,311.643,455.852,608.997,77,0,2098,212.166
320,307.828,456.038,608.74,76,0,2099,213.426
300,315.263,456.439,608.832,75,0,2100,214.163
298,305.654,457.352,608.563,74,0,2101,213.041
282,307.099,458.095,608.474,73,0,2102,213.648
271,313.229,458.131,607.984,72,0,2103,213.594
262,303.821,459.206,607.447,71,0,2286,214.128
377,355.809,453.245,602.855,149,0,2105,213.147
386,346.86,453.808,602.552,148,0,2106,212.32
362,351.224,453.966,602.544,147,0,2107,213.216
348,349.523,454.998,602.306,146,0,2108,212.256
347,354.738,454.535,602.406,145,0,2109,212.045
349,352.857,455.129,602.151,144,0,2110,211.455
322,350.224,455.501,601.853,143,0,2111,213.236
328,347.433,455.095,602.003,142,0,2112,210.777
324,343.485,455.156,602.108,141,0,2113,211.813
319,340.232,454.792,602.136,140,0,2114,211.237
324,336.352,454.712,601.802,139,0,2115,212.178
331,336.891,454.208,601.72,138,0,2116,212.726
323,327.18,454.954,601.691,137,0,2117,212.893
313,333.751,455.706,601.878,136,0,2118,211.171
304,325.069,456.327,601.677,135,0,2119,212.809
304,325.559,456.544,601.775,134,0,2120,212.085
294,328.163,457.148,601.466,133,0,2121,214.753
292,325.072,455.926,601.732,132,0,2122,210.696
293,321.075,456.097,601.939,131,0,2123,210.73
280,311.236,456.22,601.953,130,0,2124,210.243
288,321.351,457.896,601.645,129,0,2125,211.72
290,318.81,457.846,601.694,128,0,2126,212.09
276,315.587,457.378,601.697,127,0,2127,211.552
276,318.207,456.599,601.784,126,0,2128,212.746
261,316.716,457.282,601.598,125,0,2129,209.849
259,318.703,457.242,601.345,124,0,2130,211.477
262,308.37,456.595,601.697,123,0,2131,211.164
257,308.288,456.442,601.612,122,0,2132,212.984
254,309.89,456.717,601.755,121,0,2133,211.873
250,310.948,457.953,601.637,120,0,2134,211.73
247,307.607,456.225,601.913,119,0,2135,211.258
252,305.115,457.211,602.013,118,0,2057,209.707
315,354.387,535.412,710.583,146,0,2137,212.256
287,361.052,540.476,705.275,145,0,2138,212.045
291,350.127,541.963,703.025,144,0,2139,211.455
284,355.208,541.941,701.187,143,0,1093,213.236
176,401.528,584.75,680.691,143,0,2141,213.236
187,388.807,582.406,677.487,142,0,2142,210.777
185,387.27,579.669,673.425,141,0,1150,211.813
245,377.657,604.512,662.852,143,0,665,213.236
434,319.899,701.809,681.822,145,0,2145,212.045
434,316.638,701.316,681.471,144,0,2146,211.455
410,321.615,700.663,681.236,143,0,2147,213.236
405,323.896,699.986,680.151,142,0,2148,210.777
406,315.254,699.702,679.217,141,0,2149,211.813
376,317.774,698.323,678.029,140,0,2150,211.237
375,323.208,697.603,677.393,139,0,2151,212.178
382,322.126,696.854,676.471,138,0,2152,212.726
384,324.398,697.094,674.657,137,0,2153,212.893
375,319.864,698.865,673.23,136,0,2154,211.171
366,328.626,697.986,669.688,135,0,2155,212.809
369,335.225,695.96,668.112,134,0,2156,212.085
373,327.362,694.536,667.856,133,0,2157,214.753
348,332.563,692.686,668.267,132,0,2158,210.696
348,334.029,690.447,668.635,131,0,2159,210.73
337,332.513,689.937,668.675,130,0,2160,210.243
332,330.672,690.521,668.917,129,0,2161,211.72
356,328.812,689.896,668.935,128,0,2162,212.09
348,325.437,689.461,668.79,127,0,2163,211.552
329,336.593,688.493,668.971,126,0,2164,212.746
328,329.68,687.914,668.142,125,0,2165,209.849
328,332.573,686.836,666.631,124,0,2166,211.477
324,333.451,687.205,666.646,123,0,2167,211.164
333,334.685,685.251,663.695,122,0,2168,212.984
297,335.202,684.297,661.859,121,0,2169,211.873
306,335.284,682.615,660.35,120,0,543,211.73
440,331.175,694.774,663.689,140,0,2171,211.237
426,335.624,692.13,662.596,139,0,2172,212.178
404,336.527,690.934,661.681,138,0,2173,212.726
388,335.07,689.276,659.934,137,0,2174,212.893
371,334.787,688.05,658.575,136,0,2175,211.171
317,343.959,685.765,656.505,135,0,2176,212.809
328,345.527,684.175,655.077,134,0,2177,212.085
318,346.975,682.971,654.445,133,0,2178,214.753
319,349.345,681.145,654.48,132,0,2179,210.696
299,342.993,680.321,654.477,131,0,2180,210.73
292,346.695,679.119,654.953,130,0,2181,210.243
289,345.74,677.735,655.112,129,0,2182,211.72
290,347.628,675.141,655.089,128,0,2183,212.09
268,365,670.708,654.444,127,0,2184,211.552
261,358.092,666.264,654.199,126,0,682,212.746
172,373.331,392.63,638.802,149,0,2186,213.147
172,372.651,392.685,638.613,148,0,2002,212.32
904,332.98,566.408,607.84,70,0,2188,214.283
870,332.369,566.463,607.81,69,0,2189,213.51
840,335.396,566.111,607.745,68,0,2190,213.826
826,334.903,565.425,607.761,67,0,2191,213.654
838,335.834,565.67,607.651,66,0,2192,215.396
805,335.065,564.895,607.799,65,0,2193,213.203
782,327.376,565.377,607.531,64,0,2194,215.301
770,331.208,563.079,607.575,63,0,2195,215.7
751,327.78,563.914,607.971,62,0,2196,217.23
721,325.426,562.641,607.29,61,0,2197,216.332
695,327.305,561.73,607.476,60,0,2198,215.712
686,324.964,562.648,607.665,59,0,2199,215.868
680,324.832,561.927,607.838,58,0,2200,217.164
657,327.638,562.569,608.044,57,0,2201,215.75
635,327.847,562.095,608.302,56,0,2202,219.374
621,326.38,562.182,608.153,55,0,2203,218.294
622,322.894,562.69,608.5,54,0,2204,218.411
594,318.283,562.673,608.55,53,0,2205,220.518
611,321.912,563.159,608.681,52,0,2206,221.097
584,318.67,562.912,608.73,51,0,2207,218.691
595,315.071,563.888,608.698,50,0,2208,219.465
601,310.737,563.556,608.888,49,0,2209,219.705
569,311.03,562.616,608.795,48,0,2210,221.22
561,310.824,562.883,608.741,47,0,2211,220.051
553,307.248,563.261,609.035,46,0,2212,219.449
546,307.639,562.319,608.787,45,0,2213,221.238
526,310.106,562.28,608.917,44,0,2214,220.965
518,310.311,561.864,609.065,43,0,2215,220.75
491,317.837,561.921,609.393,42,0,2216,221.707
477,314.893,561.717,609.293,41,0,2217,221.288
475,312.804,561.63,609.645,40,0,2218,223.789
464,321.267,561.855,609.641,39,0,2219,221.967
449,317.2,561.538,609.795,38,0,2220,222.993
444,314.155,561.303,609.776,37,0,2221,225.29
444,327.216,561.616,610.037,36,0,2222,225.057
426,321.282,561.799,610.172,35,0,2223,225.833
423,319.243,561.767,610.197,34,0,2224,226.449
398,320.945,561.561,610.326,33,0,2225,226.127
391,331.166,561.829,610.452,32,0,2226,229.014
380,328.339,562.361,610.441,31,0,2227,228.186
364,332.217,562.481,610.471,30,0,2228,229.123
354,333.658,563.605,610.68,29,0,2229,230.136
356,337.213,562.783,610.716,28,0,2230,231.57
329,343.343,563.618,610.861,27,0,2231,231.026
317,342.274,563.4,610.859,26,0,2232,232.004
309,343.434,563.378,611.287,25,0,2233,233.924
308,353.591,562.724,611.562,24,0,2234,231.342
295,352.288,562.252,611.765,23,0,2235,234.463
278,356.367,562.037,611.899,22,0,2236,237.101
282,357.603,561.524,611.904,21,0,2237,235.228
273,357.278,560.173,611.77,20,0,2238,237.154
263,363.795,560.527,611.662,19,0,2239,237.834
269,356.279,560.468,611.619,18,0,2240,238.79
261,362.008,558.282,611.849,17,0,2241,240.911
254,373.957,558.225,611.901,16,0,2242,241.747
251,378.777,557.027,611.856,15,0,2243,243.129
235,377.672,556.833,611.935,14,0,2244,245.306
238,372.971,557.178,611.717,13,0,2245,247.824
239,369.331,557.085,611.892,12,0,2246,246.72
227,379.26,556.084,611.909,11,0,1693,250.855
343,305.111,666.727,611.894,70,0,2248,214.283
343,303.953,665.087,612.131,69,0,2249,213.51
353,293.363,665.422,612.066,68,0,2250,213.826
357,304.972,663.799,611.885,67,0,2251,213.654
320,298.212,663.954,611.517,66,0,2252,215.396
305,301.174,664.547,611.525,65,0,2253,213.203
314,294.637,664.198,611.457,64,0,2254,215.301
308,300.295,663.941,611.309,63,0,2255,215.7
288,300.58,664.992,611.761,62,0,601,217.23
211,331.275,490.331,609.417,70,0,2257,214.283
211,341.043,491.681,609.618,69,0,2258,213.51
480,322.612,478.915,608.536,68,0,2259,213.826
479,320.676,478.988,608.781,67,0,2260,213.654
473,317.214,480.418,608.945,66,0,2261,215.396
462,324.169,481.861,608.987,65,0,2262,213.203
445,322.845,483.306,609.163,64,0,2263,215.301
446,313.031,483.041,609.223,63,0,2264,215.7
441,316.417,486.072,609.815,62,0,2265,217.23
434,303.304,485.292,609.338,61,0,2266,216.332
434,301.615,485.648,609.476,60,0,2267,215.712
419,300.203,488.132,609.555,59,0,2268,215.868
410,303.866,489.978,609.919,58,0,2269,217.164
421,296.684,491.63,610.152,57,0,2270,215.75
402,295.323,493.407,610.313,56,0,2271,219.374
385,291.449,494.293,610.233,55,0,2272,218.294
379,300.517,495.854,610.069,54,0,2273,218.411
360,293.611,496.887,610.015,53,0,2274,220.518
378,304.775,497.584,610.076,52,0,2275,221.097
337,302.484,498.201,610.121,51,0,2276,218.691
346,295.451,498.486,610.208,50,0,2277,219.465
353,294.176,498.888,610.074,49,0,2278,219.705
338,291.769,499.125,610.326,48,0,2279,221.22
343,292.155,499.057,610.34,47,0,2280,220.051
342,303.123,499.632,610.477,46,0,2281,219.449
346,289.552,499.074,610.491,45,0,2282,221.238
322,293.55,499.142,610.835,44,0,2283,220.965
306,291.958,500.045,610.776,43,0,2284,220.75
288,294.233,500.907,610.919,42,0,2285,221.707
293,298.345,501.814,610.89,41,0,1663,221.288
265,319.611,461.836,607.538,70,0,2287,214.283
257,313.949,464.157,607.437,69,0,2258,213.51
359,397.231,472.688,626.158,140,0,2289,211.237
347,393.559,474.181,625.14,139,0,2290,212.178
338,393.716,477.554,624.585,138,0,2291,212.726
326,386.064,481.995,623.677,137,0,2292,212.893
317,389.426,486.889,622.888,136,0,2293,211.171
318,387.132,489.504,622.248,135,0,2294,212.809
305,393.492,492.319,622.043,134,0,2295,212.085
272,395.548,494.621,621.38,133,0,2296,214.753
271,388.613,497.065,620.76,132,0,2297,210.696
272,385.044,501.968,620.436,131,0,2298,210.73
276,386.254,508.478,619.885,130,0,2299,210.243
274,381.96,511.246,619.488,129,0,2300,211.72
275,375.684,513.233,619.339,128,0,2301,212.09
265,386.936,514.582,619.17,127,0,2302,211.552
254,387.232,514.999,619.243,126,0,2303,212.746
255,370.98,516.193,619.072,125,0,2304,209.849
247,376.267,516.044,619.049,124,0,2305,211.477
228,376.504,517.679,618.845,123,0,2306,211.164
245,377.959,520.137,618.872,122,0,2307,212.984
238,366.084,519.922,618.794,121,0,2308,211.873
228,368.864,520.782,618.684,120,0,2309,211.73
217,370.774,519.639,618.827,119,0,2310,211.258
217,376.88,518.596,618.934,118,0,1870,209.707
296,375.514,429.513,662.721,138,0,2312,212.726
267,385.431,430.591,662.35,137,0,2313,212.893
252,375.952,432.646,661.812,136,0,2314,211.171
247,377.263,433.441,660.452,135,0,2315,212.809
246,372.423,435.413,659.627,134,0,2316,212.085
235,371.855,437.497,658.723,133,0,2317,214.753
233,364.893,438.587,657.725,132,0,2318,210.696
230,363.935,439.21,656.713,131,0,2319,210.73
235,356.94,440.921,654.75,130,0,2320,210.243
211,349.81,441.819,653.423,129,0,2321,211.72
224,356.562,442.325,652.161,128,0,2322,212.09
203,355.517,441.819,650.841,127,0,2323,211.552
204,346.397,441.013,649.677,126,0,2324,212.746
220,343.241,443.01,648.635,125,0,1579,209.849
190,361.668,570.646,630.919,109,0,922,211.254
230,348.304,539.865,639.608,109,0,922,211.254