306,317.176,1073.091,289.149,150,1,57,230.517
222,361.014,1043.205,299.393,150,1,161,230.517
289,337.765,1022.604,281.548,150,1,163,230.517
375,406.584,1017.165,312.866,150,1,189,230.517
297,352.609,1002.564,312.009,150,1,238,230.517
264,339.621,994.398,278.016,150,1,387,230.517
385,344.494,971.8,286.174,150,1,391,230.517
205,456.712,986.155,324.1,150,1,540,230.517
246,444.28,974.052,328.564,150,1,592,230.517
472,389.538,948.812,313.321,150,1,610,230.517
531,347.938,927.012,323.673,150,1,688,230.517
316,440.434,945.648,368.537,150,1,715,230.517
267,436.446,955.116,355.419,150,1,734,230.517
288,413.024,963.743,337.379,150,1,788,230.517
278,383.475,987.352,352.262,150,1,803,230.517
377,413.607,1008.306,349.989,150,1,810,230.517
380,369.708,1035.104,333.074,150,1,834,230.517
310,399.11,1044.715,371.987,150,1,932,230.517
349,376.169,1073.427,388.886,150,1,974,230.517
421,344.447,1097.439,394.035,150,1,987,230.517
357,371.064,1099.449,445.549,150,1,1061,230.517
397,344.952,1100.057,489.878,150,1,1112,230.517
332,391.358,1085.652,438.741,150,1,1121,230.517
312,401.423,1070.625,417.675,150,1,1136,230.517
289,404.827,1052.231,401.676,150,1,1197,230.517
273,398.842,1025.069,367.901,150,1,1247,230.517
264,404.356,1014.337,379.718,150,1,1262,230.517
234,406.35,1019.421,401.983,150,1,1274,230.517
232,406.879,991.707,381.184,150,1,1348,230.517
412,401.998,1002.731,411.51,150,1,1350,230.517
260,409.065,973.458,385.748,150,1,1464,230.517
254,440.161,963.883,400.83,150,1,1508,230.517
372,374.328,944.849,435.959,150,1,1609,230.517
291,403.667,960.741,436.489,150,1,1630,230.517
305,385.4,965.289,448.303,150,1,1652,230.517
394,379.591,996.04,446.325,150,1,1729,230.517
293,382.901,989.945,420.234,150,1,1746,230.517
315,387.876,1030.601,433.393,150,1,1761,230.517
329,406.559,1052.335,445.76,150,1,1782,230.517
182,434.582,1040.457,406.044,150,1,1831,230.517
179,423.598,1057.738,432.044,150,1,1871,230.517
327,389.593,1078.89,469.48,150,1,1873,230.517
228,365.035,1079.533,496.441,150,1,1887,230.517
226,390.119,1055.853,475.434,150,1,1917,230.517
281,390.612,1034.76,466.604,150,1,1923,230.517
347,372.709,1015.346,464.732,150,1,1993,230.517
363,337.738,987.686,497.755,150,1,2024,230.517
263,376.023,1019.349,492.909,150,1,2047,230.517
238,373.534,1043.69,492.662,150,1,2055,230.517
314,343.978,1059.11,507.766,150,1,2087,230.517
339,321.345,1043.13,544.555,150,1,2139,230.517
254,366.913,1018.857,511.282,150,1,2147,230.517
332,325.633,1035.992,521.754,150,1,2155,230.517
413,302.947,998.148,526.519,150,1,2189,230.517
231,378.736,933.633,376.135,150,1,2198,230.517
249,375.048,941.748,407.27,150,1,2215,230.517
293,329.502,1071.509,289.222,149,0,58,230.148
287,314.317,1070.728,289.305,148,0,59,230.511
490,330.929,1058.38,294.738,147,0,60,230.914
496,329.387,1058.126,294.729,146,0,61,231.519
491,325.986,1057.769,294.993,145,0,62,231.143
474,316.764,1058.011,294.65,144,0,63,229.473
476,316.966,1057.715,294.792,143,0,64,230.109
473,314.006,1057.747,294.764,142,0,65,230.122
455,310.477,1057.162,295.214,141,0,66,230.427
446,307.247,1057.07,295.188,140,0,67,231.588
424,308.606,1057.003,295.177,139,0,68,232.182
405,310.743,1055.402,295.826,138,0,69,231.938
402,311.405,1054.133,296.359,137,0,70,232.422
394,303.152,1053.365,296.346,136,0,71,231.63
387,304.705,1052.599,296.725,135,0,72,231.786
372,302.406,1051.585,297.167,134,0,73,231.37
388,299.052,1050.121,297.905,133,0,74,232.087
375,299.373,1048.146,298.258,132,0,75,230.757
364,299.324,1046.869,298.785,131,0,76,230.135
351,298.57,1044.58,299.771,130,0,77,230.411
352,293.597,1042.907,300.653,129,0,78,228.805
355,295.068,1042.445,300.623,128,0,79,231.078
346,294.928,1041.664,301.2,127,0,80,231.558
326,296.629,1041.396,301.483,126,0,81,230.377
326,289.337,1039.584,301.691,125,0,82,230.151
298,301.406,1037.675,302.72,124,0,83,229.422
573,302.984,1021.382,310.632,123,0,84,230.48
539,304.933,1019.505,311.882,122,0,85,230.051
557,308.041,1019.146,312.351,121,0,86,230.62
532,309.474,1017.45,313.49,120,0,87,230.922
504,307.165,1016.608,314.026,119,0,88,230.31
497,307.03,1014.886,315.094,118,0,89,228.504
481,307.958,1012.33,316.781,117,0,90,229.55
467,318.846,1011.023,318.218,116,0,91,228.958
439,315.107,1008.988,319.684,115,0,92,229.746
425,320.179,1007.845,321.163,114,0,93,230.104
425,326.268,1006.233,322.229,113,0,94,229.7
402,327.93,1004.7,322.529,112,0,95,230.527
389,326.589,1003.308,323.118,111,0,96,229.978
363,325.129,1002.281,322.79,110,0,97,230.732
363,325.377,1000.724,323.981,109,0,98,230.003
355,322.583,999.992,324.714,108,0,99,231.047
359,327.777,998.836,325.681,107,0,100,232.022
340,331.871,998.181,326.48,106,0,101,231.315
329,331.787,998.039,326.52,105,0,102,232.279
310,330.548,997.55,327.853,104,0,103,230.301
306,324.768,997.144,328.394,103,0,104,231.942
300,324.997,996.921,329.304,102,0,105,231.647
300,326.907,996.36,331.906,101,0,106,230.11
517,332.959,996.218,348.653,100,0,107,230.788
509,327.1,996.01,350.053,99,0,108,231.275
489,330.933,995.994,351.163,98,0,109,232.157
484,326.043,996.095,352.37,97,0,110,231.663
470,330.506,995.69,353.284,96,0,111,232.634
468,330.919,995.438,354.262,95,0,112,232.778
432,325.234,995.284,355.936,94,0,113,233.756
437,325.476,995.155,356.832,93,0,114,234.227
424,321.002,994.572,357.987,92,0,115,234.894
414,326.162,994.272,360.018,91,0,116,233.783
385,328.14,993.492,361.289,90,0,117,232.452
361,331.737,992.996,363.456,89,0,118,233.627
358,327.196,993.032,366.301,88,0,119,233.288
347,333.061,992.626,367.806,87,0,120,234.27
323,325.954,992.62,369.169,86,0,121,234.706
314,334.627,992.983,369.871,85,0,122,234.53
313,331.556,993.361,371.359,84,0,123,234.54
307,330.782,992.751,372.258,83,0,124,235.225
290,325.076,993.349,373.021,82,0,125,233.512
284,324.947,993.544,373.368,81,0,126,235.183
290,323.355,993.655,373.479,80,0,127,235.499
277,315.628,994.192,374.541,79,0,128,236.057
268,315.571,994.98,375.469,78,0,129,236.142
265,313.358,995.04,374.922,77,0,130,235.604
472,323.078,1007.305,385.9,76,0,131,235.842
461,320.221,1007.513,386.194,75,0,132,236.116
438,325.374,1007.55,386.19,74,0,133,236.587
429,318.469,1008.244,386.906,73,0,134,235.813
416,327.067,1007.931,386.578,72,0,135,237.115
398,315.231,1007.522,386.178,71,0,136,235.671
389,318.933,1008.136,387.011,70,0,137,236.195
398,317.932,1007.904,386.679,69,0,138,238.218
381,317.029,1008.452,386.761,68,0,139,237.222
385,312.925,1008.436,386.581,67,0,140,238.408
378,308.608,1008.607,387.169,66,0,141,237.445
379,309.57,1008.425,386.7,65,0,142,238.183
374,314.064,1007.99,386.509,64,0,143,239.772
353,305.261,1008.656,386.613,63,0,144,239.452
349,318.507,1007.755,386.44,62,0,145,240.534
352,304.097,1007.259,386.196,61,0,146,241.372
345,300.229,1008.369,386.843,60,0,147,242.224
316,302.38,1008.632,387.494,59,0,148,242.88
303,298.112,1008.113,387.344,58,0,149,243.847
290,307.645,1008.791,387.574,57,0,150,243.691
302,303.646,1009.17,387.683,56,0,151,244.254
299,305.308,1009.948,388.601,55,0,152,245.675
283,306.746,1010.198,388.791,54,0,153,244.301
280,300.239,1010.811,389.13,53,0,154,242.877
265,305.143,1010.091,388.602,52,0,155,243.716
611,302.463,1028.134,401.075,51,0,156,243.248
582,306.493,1027.006,400.217,50,0,157,245.202
563,302.08,1026.763,400.194,49,0,158,245.21
558,304.299,1026.19,399.858,48,0,159,246.114
522,305.287,1026.062,399.613,47,0,160,245.802
517,307.89,1024.716,398.996,46,0,2261,246.784
210,360.943,1042.24,299.851,149,0,162,230.148
194,353.01,1042.966,300.77,148,0,59,230.511
275,345.956,1021.906,284.57,149,0,164,230.148
244,340.484,1020.061,290.386,148,0,165,230.511
244,343.857,1019.665,291.322,147,0,166,230.914
233,349.906,1019.368,291.936,146,0,167,231.519
490,340.127,1005.811,290.792,145,0,168,231.143
468,337.87,1006.593,293.127,144,0,169,229.473
445,342.034,1006.969,295.919,143,0,170,230.109
451,341.459,1007.835,298.267,142,0,171,230.122
432,332.308,1009.227,299.696,141,0,172,230.427
407,334.204,1010.985,300.407,140,0,173,231.588
395,340.446,1011.585,301.374,139,0,174,232.182
374,339.61,1012.142,302.494,138,0,175,231.938
371,336.757,1011.893,303.376,137,0,176,232.422
361,337.972,1011.698,304.119,136,0,177,231.63
348,340.121,1011.58,304.974,135,0,178,231.786
325,343.243,1010.614,306.466,134,0,179,231.37
320,336.459,1009.716,307.463,133,0,180,232.087
303,336.637,1009.439,309.003,132,0,181,230.757
303,331.792,1008.509,310.494,131,0,182,230.135
290,325.169,1008.131,310.744,130,0,183,230.411
289,325.55,1007.554,311.094,129,0,184,228.805
295,333.444,1007.438,311.919,128,0,185,231.078
288,334.201,1006.711,313.36,127,0,186,231.558
280,321.343,1007.123,314.161,126,0,187,230.377
267,323.933,1006.874,316.929,125,0,188,230.151
261,326.686,1006.873,317.241,124,0,83,229.422
367,405.403,1015.528,316.034,149,0,190,230.148
357,401.109,1014.097,322.023,148,0,191,230.511
361,391.693,1014.488,322.562,147,0,192,230.914
350,394.051,1015.063,322.118,146,0,193,231.519
335,388.818,1014.974,322.284,145,0,194,231.143
328,396.351,1014.971,322.318,144,0,195,229.473
329,391.24,1015.229,322.466,143,0,196,230.109
325,390.677,1015.351,322.651,142,0,197,230.122
316,387.244,1015.62,322.625,141,0,198,230.427
313,380.751,1016.776,321.773,140,0,199,231.588
315,375.403,1016.93,321.721,139,0,200,232.182
306,377,1016.779,321.375,138,0,201,231.938
301,373.937,1016.611,321.8,137,0,202,232.422
303,374.155,1016.546,321.638,136,0,203,231.63
301,365.096,1016.1,322.276,135,0,204,231.786
299,363.967,1017.036,321.936,134,0,205,231.37
285,361.077,1016.532,322.321,133,0,206,232.087
273,367.553,1016.908,323.036,132,0,207,230.757
265,356.283,1016.534,323.703,131,0,208,230.135
256,361.16,1015.358,325.388,130,0,209,230.411
251,357.932,1015.021,326.42,129,0,210,228.805
259,346.961,1014.092,328.307,128,0,211,231.078
247,349.3,1011.921,331.406,127,0,212,231.558
239,355.603,1010.333,334.208,126,0,213,230.377
451,364.415,1005.057,351.338,125,0,214,230.151
447,361.224,1003.855,352.778,124,0,215,229.422
418,363.213,1002.25,354.299,123,0,216,230.48
406,366.628,1001.32,356.219,122,0,217,230.051
384,366.534,1002.05,355.916,121,0,218,230.62
369,366.518,1000.699,357.478,120,0,219,230.922
366,367.915,1000.204,358.371,119,0,220,230.31
365,362.967,999.778,358.878,118,0,221,228.504
348,365.103,998.76,359.849,117,0,222,229.55
342,367.453,998.523,360.622,116,0,223,228.958
330,359.085,998.294,361.252,115,0,224,229.746
326,354.426,997.595,361.216,114,0,225,230.104
319,358.273,997.017,362.06,113,0,226,229.7
309,362.016,996.697,362.91,112,0,227,230.527
302,357.543,996.884,362.485,111,0,228,229.978
290,351.914,996.512,362.696,110,0,229,230.732
290,355.841,996.48,363.304,109,0,230,230.003
283,351.332,996.403,363.952,108,0,231,231.047
262,358.111,996.166,363.991,107,0,232,232.022
251,350.247,996.167,364.585,106,0,233,231.315
263,355.692,996.017,364.249,105,0,234,232.279
263,353.791,996.061,364.201,104,0,235,230.301
261,344.184,995.858,364.26,103,0,236,231.942
252,351.294,996.144,365.248,102,0,237,231.647
240,344.262,996.743,365.301,101,0,106,230.11
302,363.235,1001.614,312.429,149,0,239,230.148
301,356.05,1000.67,312.989,148,0,240,230.511
300,355.817,1000.538,313.351,147,0,241,230.914
298,355.758,1000.567,312.943,146,0,242,231.519
278,355.129,1000.581,316.673,145,0,243,231.143
257,368.735,1000.316,318.967,144,0,244,229.473
241,362.415,999.182,322.054,143,0,245,230.109
461,377.408,993.672,340.968,142,0,246,230.122
457,375.786,993.581,341.697,141,0,247,230.427
430,374.53,994.354,342.959,140,0,248,231.588
416,376.894,994.286,344.396,139,0,249,232.182
398,376.621,993.408,345.478,138,0,250,231.938
393,371.667,993.127,346.416,137,0,251,232.422
374,373.559,993.325,346.871,136,0,252,231.63
380,374.208,993.24,347.098,135,0,253,231.786
365,367.948,993.696,348.305,134,0,254,231.37
366,367.292,993.106,349.017,133,0,255,232.087
358,367.958,993.979,349.346,132,0,256,230.757
337,367.252,993.851,350.595,131,0,257,230.135
326,371.521,993.891,351.171,130,0,258,230.411
306,362.49,993.551,351.216,129,0,259,228.805
301,371.784,992.891,351.907,128,0,260,231.078
299,372.886,991.345,351.88,127,0,261,231.558
288,374.257,990.206,351.435,126,0,262,230.377
288,373.09,989.739,352.007,125,0,263,230.151
266,368.744,989.329,352.036,124,0,264,229.422
258,366.283,988.589,353.622,123,0,265,230.48
239,363.356,988.378,353.677,122,0,266,230.051
243,371.35,988.782,354.059,121,0,267,230.62
238,368.206,987.801,354.442,120,0,268,230.922
229,358.611,987.377,354.963,119,0,269,230.31
231,363.035,986.783,355.687,118,0,270,228.504
218,364.459,986.013,356.132,117,0,271,229.55
216,367.523,985.735,356.656,116,0,272,228.958
216,362.963,985.146,357.026,115,0,273,229.746
214,358.341,984.395,357.343,114,0,274,230.104
212,361.462,983.665,357.937,113,0,275,229.7
209,349.081,983.21,358.796,112,0,276,230.527
210,361.014,983.293,359.575,111,0,277,229.978
212,358.627,983.262,359.232,110,0,278,230.732
208,359.212,982.941,359.478,109,0,279,230.003
211,361.863,982.785,360.578,108,0,280,231.047
196,352.663,982.765,361.841,107,0,281,232.022
201,359.254,982.773,362.732,106,0,282,231.315
389,365.1,986.95,379.104,105,0,283,232.279
390,363.256,987.113,379.395,104,0,284,230.301
383,354.705,986.818,379.869,103,0,285,231.942
371,358.784,986.78,379.689,102,0,286,231.647
373,352.82,987.107,380.264,101,0,287,230.11
374,350.701,986.976,380.893,100,0,288,230.788
355,350.065,986.922,380.917,99,0,289,231.275
346,352.509,986.851,381.143,98,0,290,232.157
347,353.732,986.693,381.19,97,0,291,231.663
354,346.093,986.458,381.358,96,0,292,232.634
339,349.717,987.123,382.667,95,0,293,232.778
335,349.881,986.832,382.666,94,0,294,233.756
325,351.089,986.977,383.541,93,0,295,234.227
309,351.029,986.932,383.942,92,0,296,234.894
310,351.513,987.161,384.62,91,0,297,233.783
301,339.243,987.471,384.822,90,0,298,232.452
288,338.295,987.886,385.318,89,0,299,233.627
279,338.556,988.497,386.064,88,0,300,233.288
266,335.88,988.696,386.676,87,0,301,234.27
262,343.698,989.71,387.731,86,0,302,234.706
249,348.59,989.432,387.42,85,0,303,234.53
244,342.451,990.239,388.457,84,0,304,234.54
234,342.521,990.348,388.59,83,0,305,235.225
242,343.248,990.907,389.419,82,0,306,233.512
233,338.361,990.916,389.406,81,0,307,235.183
240,329.088,991.165,389.709,80,0,308,235.499
234,333.932,991.689,390.289,79,0,309,236.057
229,333.786,991.979,390.688,78,0,310,236.142
217,334.922,992.345,390.966,77,0,311,235.604
214,334.944,993.116,391.332,76,0,312,235.842
414,332.452,1005.807,401.772,75,0,313,236.116
415,326.761,1005.929,402.165,74,0,314,236.587
397,331.713,1006.67,403.405,73,0,315,235.813
390,331.818,1006.859,403.493,72,0,316,237.115
379,336.124,1007.791,404.14,71,0,317,235.671
365,333.959,1008.615,405.015,70,0,318,236.195
355,325.327,1008.802,405.039,69,0,319,238.218
370,330.13,1009.489,405.654,68,0,320,237.222
354,330.65,1009.238,405.326,67,0,321,238.408
352,329.949,1009.522,405.923,66,0,322,237.445
359,326.337,1009.972,406.224,65,0,323,238.183
347,328.455,1010.449,406.456,64,0,324,239.772
352,331.588,1011.633,406.941,63,0,325,239.452
334,329.075,1011.112,407.261,62,0,326,240.534
311,330.788,1011.82,407.672,61,0,327,241.372
324,320.651,1012.832,408.228,60,0,328,242.224
326,333.874,1012.337,408.48,59,0,329,242.88
324,329.08,1012.565,409.085,58,0,330,243.847
326,328.147,1012.892,409.553,57,0,331,243.691
317,328.524,1013.148,409.604,56,0,332,244.254
315,323.39,1013.507,410.126,55,0,333,245.675
327,322.141,1013.632,410.207,54,0,334,244.301
325,313.175,1013.314,410.043,53,0,335,242.877
318,316.635,1013.889,410.344,52,0,336,243.716
313,315.412,1014.039,410.57,51,0,337,243.248
314,313.204,1014.127,410.757,50,0,338,245.202
313,322.674,1014.473,410.985,49,0,339,245.21
307,316.844,1014.696,411.277,48,0,340,246.114
304,312.217,1014.339,410.795,47,0,341,245.802
291,319.502,1014.757,411.292,46,0,342,246.784
304,316.776,1014.801,411.511,45,0,343,247.065
287,313.449,1014.961,411.476,44,0,344,247.747
289,317.761,1015.106,411.897,43,0,345,249.64
282,316.681,1015.243,412.275,42,0,346,250.312
283,313.177,1014.972,412.035,41,0,347,250.818
272,316.199,1015.535,412.336,40,0,348,251.521
265,322.381,1015.485,412.36,39,0,349,251.794
256,322.094,1015.594,412.616,38,0,350,250.142
244,318.287,1015.536,412.762,37,0,351,252.502
231,314.81,1015.36,412.489,36,0,352,255.367
504,309.681,1023.397,424.574,35,0,353,254.894
484,308.372,1023.707,425.005,34,0,354,254.222
471,313.943,1023.481,424.28,33,0,355,255.891
462,308.619,1023.246,424.055,32,0,356,255.823
463,309.847,1023.555,424.036,31,0,357,256.084
464,306.134,1023.235,424.042,30,0,358,257.232
453,312.616,1023.575,424.052,29,0,359,259.961
439,315.893,1023.428,423.888,28,0,360,261.005
445,310.885,1023.272,423.331,27,0,361,261.366
434,315.703,1023.415,423.727,26,0,362,261.967
449,313.158,1023.126,423.284,25,0,363,262.82
442,309.029,1023.014,422.983,24,0,364,264.846
429,314.907,1023.127,423.16,23,0,365,265.84
416,319.01,1023.333,423.23,22,0,366,267.067
400,320.87,1023.103,422.491,21,0,367,268.469
380,317.542,1023.103,422.644,20,0,368,270.458
376,322.699,1023.073,422.252,19,0,369,271.135
382,321.859,1022.417,421.699,18,0,370,273.502
357,330.017,1022.165,421.48,17,0,371,276.789
363,322.435,1022.507,421.536,16,0,372,275.63
337,336.258,1022.483,421.658,15,0,373,278.713
358,334.397,1022.288,421.247,14,0,374,279.795
347,336.118,1022.31,421.287,13,0,375,281.597
361,335.551,1022.159,421.098,12,0,376,282.837
343,342.026,1021.825,420.432,11,0,377,284.502
330,343.93,1021.973,420.245,10,0,378,286.925
323,340.861,1021.856,420.876,9,0,379,288.675
320,350.362,1021.686,419.946,8,0,380,292.557
306,360.899,1021.237,418.864,7,0,381,295.43
294,355.228,1021.35,418.93,6,0,382,300.251
288,366.757,1020.917,418.587,5,0,383,302.397
299,372.839,1020.8,418.438,4,0,384,306.451
277,373.181,1020.821,418.255,3,0,385,312.478
273,381.04,1020.642,417.948,2,0,386,317.879
263,397.023,1020.583,417.494,1,0,0,326.049
255,340.18,993.322,278.673,149,0,388,230.148
249,332.916,991.839,278.927,148,0,389,230.511
245,340.841,991.247,280.311,147,0,390,230.914
233,332.386,991.452,281.689,146,0,167,231.519
359,358.719,970.386,288.678,149,0,392,230.148
370,358.076,968.649,289.378,148,0,393,230.511
362,357.757,967.385,291.031,147,0,394,230.914
327,363.538,966.881,296.624,146,0,395,231.519
334,364.653,965.93,299.058,145,0,396,231.143
304,366.918,965.78,301.239,144,0,397,229.473
308,364.516,965.207,302.107,143,0,398,230.109
302,367.255,963.151,303.953,142,0,399,230.122
288,356.997,961.88,306.028,141,0,400,230.427
290,364.648,961.854,306.334,140,0,401,231.588
280,370.811,961.104,306.954,139,0,402,232.182
273,369.502,959.97,307.543,138,0,403,231.938
260,372.138,959.068,309.22,137,0,404,232.422
254,375.386,958.888,311.05,136,0,405,231.63
240,386.117,958.313,318.248,135,0,406,231.786
223,380.287,960.013,320.502,134,0,407,231.37
244,382.594,961.496,323.51,133,0,408,232.087
242,379.285,962.165,325.308,132,0,409,230.757
236,371.614,959.871,327.833,131,0,410,230.135
210,387.538,958.319,331.016,130,0,411,230.411
198,385.662,958.773,333.578,129,0,412,228.805
216,393.292,959.518,336.629,128,0,413,231.078
192,396.37,959.388,338.161,127,0,414,231.558
370,402.176,964.492,350.557,126,0,415,230.377
363,407.901,965.237,350.681,125,0,416,230.151
360,405.672,965.362,350.927,124,0,417,229.422
349,409.544,965.08,351.424,123,0,418,230.48
355,410.423,965.555,352.686,122,0,419,230.051
344,404.459,966.242,352.1,121,0,420,230.62
319,407.31,965.243,353.499,120,0,421,230.922
319,399.621,965.921,355.065,119,0,422,230.31
309,405.916,966.047,356.072,118,0,423,228.504
297,420.434,966.232,357.841,117,0,424,229.55
285,413.814,966.436,358.012,116,0,425,228.958
275,418.935,966.52,357.936,115,0,426,229.746
267,419.079,966.65,358.371,114,0,427,230.104
253,426.542,966.142,358.06,113,0,428,229.7
237,413.886,965.384,357.056,112,0,429,230.527
244,411.668,966.301,357.604,111,0,430,229.978
241,416.199,966.417,358.05,110,0,431,230.732
231,417.502,966.843,358.636,109,0,432,230.003
231,421.732,967.02,358.336,108,0,433,231.047
222,416.216,966.541,357.933,107,0,434,232.022
210,418.252,967.101,357.647,106,0,435,231.315
222,413.027,968.396,358.693,105,0,436,232.279
216,404.213,968.745,359.266,104,0,437,230.301
219,402.333,968.658,359.127,103,0,438,231.942
220,397.636,968.739,358.262,102,0,439,231.647
219,395.082,969.205,358.812,101,0,440,230.11
222,392.725,969.643,358.671,100,0,441,230.788
226,389.805,970.164,358.796,99,0,442,231.275
219,383.717,970.653,359.012,98,0,443,232.157
473,371.486,975.753,344.469,97,0,444,231.663
468,365.267,975.799,343.891,96,0,445,232.634
468,360.932,976.142,344.158,95,0,446,232.778
449,358.715,976.425,344.154,94,0,447,233.756
423,363.532,976.768,343.456,93,0,448,234.227
438,350.543,977.48,342.276,92,0,449,234.894
421,352.347,976.843,342.292,91,0,450,233.783
415,345.916,976.673,341.645,90,0,451,232.452
416,343.202,976.639,341.426,89,0,452,233.627
411,339.192,976.546,340.563,88,0,453,233.288
408,340.355,977.238,340.768,87,0,454,234.27
401,329.489,977.979,340.654,86,0,455,234.706
394,326.388,978.153,340.781,85,0,456,234.53
384,332.552,978.781,340.249,84,0,457,234.54
389,319.584,978.895,340.239,83,0,458,235.225
377,320.416,979.187,340.295,82,0,459,233.512
376,320.902,979.258,340.136,81,0,460,235.183
377,318.963,979.14,340.528,80,0,461,235.499
378,312.902,979.274,340.659,79,0,462,236.057
364,310.456,979.619,340.36,78,0,463,236.142
363,311.011,979.817,340.032,77,0,464,235.604
348,306.954,979.945,340.095,76,0,465,235.842
346,307.142,980.416,338.904,75,0,466,236.116
333,308.123,980.692,339.301,74,0,467,236.587
324,302.864,983.169,339.622,73,0,468,235.813
315,304.527,983.616,340.559,72,0,469,237.115
554,314.542,982.153,356.024,71,0,470,235.671
545,313.591,982.831,355.479,70,0,471,236.195
552,313.065,982.959,354.103,69,0,472,238.218
533,311.032,983.483,354.245,68,0,473,237.222
529,314.473,983.645,352.882,67,0,474,238.408
491,315.434,984.044,351.934,66,0,475,237.445
487,312.877,984.018,352.154,65,0,476,238.183
486,311.025,984.613,350.005,64,0,477,239.772
466,313.511,985.328,349.972,63,0,478,239.452
439,318.428,985.14,349.666,62,0,479,240.534
423,313.494,985.285,349.501,61,0,480,241.372
435,315.28,985.842,348.958,60,0,481,242.224
414,320.362,986.226,348.364,59,0,482,242.88
411,311.455,986.786,348.693,58,0,483,243.847
374,320.898,987,349.156,57,0,484,243.691
371,312.388,986.8,348.668,56,0,485,244.254
375,318.565,987.015,348.657,55,0,486,245.675
370,314.135,986.899,348.668,54,0,487,244.301
347,312.686,986.725,348.509,53,0,488,242.877
346,310.838,986.708,348.242,52,0,489,243.716
329,312.611,986.577,347.318,51,0,490,243.248
310,309.313,986.477,347.076,50,0,491,245.202
295,311.651,986.607,347.192,49,0,492,245.21
569,314.302,988.144,362.434,48,0,493,246.114
563,315.089,988.454,361.076,47,0,494,245.802
558,314.24,988.614,360.875,46,0,495,246.784
537,313.007,988.764,359.622,45,0,496,247.065
517,315.195,989.029,360.113,44,0,497,247.747
515,308.503,989.174,358.861,43,0,498,249.64
513,306.205,989.625,359.191,42,0,499,250.312
495,307.467,989.976,358.959,41,0,500,250.818
456,308.901,990.366,359.022,40,0,501,251.521
427,308.29,990.47,359.461,39,0,502,251.794
438,307.822,991.006,360.738,38,0,503,250.142
409,306.015,991.048,361.11,37,0,504,252.502
387,305.297,991.399,361.548,36,0,505,255.367
388,307.139,991.42,361.909,35,0,506,254.894
369,313.588,991.764,362.513,34,0,507,254.222
363,314.802,991.799,362.725,33,0,508,255.891
349,310.819,992.087,363.169,32,0,509,255.823
333,314.613,992.025,363.164,31,0,510,256.084
331,313.163,991.741,362.506,30,0,511,257.232
320,310.55,992.222,363.58,29,0,512,259.961
589,317.438,1001.585,377.314,28,0,513,261.005
582,320.089,1001.348,377.27,27,0,514,261.366
558,324.407,1000.99,376.923,26,0,515,261.967
546,319.236,1001.132,377.12,25,0,516,262.82
515,324.28,1000.754,376.804,24,0,517,264.846
505,327.184,1000.472,376.847,23,0,518,265.84
487,331.384,1000.775,377.63,22,0,519,267.067
467,333.94,1001.425,378.297,21,0,520,268.469
461,334.638,1001.485,379.309,20,0,521,270.458
441,328.984,1001.9,379.532,19,0,522,271.135
412,338.556,1001.925,380.101,18,0,523,273.502
412,341.82,1002.022,380.79,17,0,524,276.789
426,341.289,1002.602,381.798,16,0,525,275.63
411,342.788,1003.111,382.735,15,0,526,278.713
392,346.242,1003.157,383.082,14,0,527,279.795
380,340.784,1003.301,383.452,13,0,528,281.597
380,348.253,1003.415,383.588,12,0,529,282.837
369,349.222,1003.573,383.662,11,0,530,284.502
355,353.355,1004.344,385.058,10,0,531,286.925
358,353.447,1004.089,385.129,9,0,532,288.675
347,352.64,1004.387,385.031,8,0,533,292.557
336,356.926,1004.401,385.382,7,0,534,295.43
330,361.073,1004.718,386.158,6,0,535,300.251
317,366.858,1004.632,386.273,5,0,536,302.397
316,372.56,1004.947,386.826,4,0,537,306.451
311,382.132,1005.175,387.345,3,0,538,312.478
300,389.617,1005.474,387.724,2,0,539,317.879
292,398.082,1005.848,388.531,1,0,0,326.049
202,457.772,985.437,323.878,149,0,541,230.148
175,454.514,985.227,323.378,148,0,542,230.511
194,454.356,985.202,323.834,147,0,543,230.914
185,465.124,985.251,323.583,146,0,544,231.519
186,448.113,985.068,323.339,145,0,545,231.143
188,454.17,985.56,323.861,144,0,546,229.473
185,454.427,985.411,323.333,143,0,547,230.109
191,462.958,985.485,323.796,142,0,548,230.122
180,453.783,984.947,323.685,141,0,549,230.427
184,451.054,985.034,323.518,140,0,550,231.588
182,438.137,984.776,323.243,139,0,551,232.182
186,447.28,984.258,323.729,138,0,552,231.938
200,434.805,983.55,323.734,137,0,553,232.422
189,435.254,983.775,324.09,136,0,554,231.63
195,429.626,983.638,323.311,135,0,555,231.786
188,438.117,984.004,323.293,134,0,556,231.37
196,430.367,983.168,323.177,133,0,557,232.087
187,443.561,982.953,323.227,132,0,558,230.757
399,432.434,981.392,337.574,131,0,559,230.135
398,426.575,981.663,336.555,130,0,560,230.411
386,424.345,982.217,335.322,129,0,561,228.805
366,420.527,982.215,334.617,128,0,562,231.078
352,426.028,981.519,334.5,127,0,563,231.558
326,430.147,981.219,333.853,126,0,564,230.377
316,418.858,981.278,333.733,125,0,565,230.151
317,423.656,981.321,333.08,124,0,566,229.422
314,414.22,981.004,333.012,123,0,567,230.48
326,406.494,980.668,333.405,122,0,568,230.051
318,401.456,981.414,332.238,121,0,569,230.62
321,402.907,980.017,333.333,120,0,570,230.922
318,400.642,979.658,333.561,119,0,571,230.31
300,400.22,979.549,332.907,118,0,572,228.504
305,405.367,978.579,332.573,117,0,573,229.55
306,397.68,978.751,331.688,116,0,574,228.958
292,398.685,978.669,331.144,115,0,575,229.746
297,399.384,977.882,331.742,114,0,576,230.104
276,407.373,978.058,330.759,113,0,577,229.7
273,396.077,977.846,331.509,112,0,578,230.527
273,394.659,978.38,331.213,111,0,579,229.978
275,392.505,977.864,331.825,110,0,580,230.732
270,391.037,978.002,331.621,109,0,581,230.003
268,389.004,978.268,331.068,108,0,582,231.047
274,392.664,978.677,331.45,107,0,583,232.022
262,389.672,979.015,331.539,106,0,584,231.315
266,389.064,980.222,331.079,105,0,585,232.279
269,380.613,979.659,332.576,104,0,586,230.301
262,374.164,979.988,331.899,103,0,587,231.942
263,375.624,980.143,332.255,102,0,588,231.647
260,369.477,980.34,331.358,101,0,589,230.11
251,376.733,980.156,331.536,100,0,590,230.788
257,368.541,980.699,330.654,99,0,591,231.275
254,358.752,980.508,330.647,98,0,443,232.157
251,452.833,973.375,329.612,149,0,593,230.148
251,438.398,973.317,329.838,148,0,594,230.511
237,445.008,973.384,329.997,147,0,595,230.914
234,454.521,973.567,331.707,146,0,596,231.519
222,450.923,973.646,332.153,145,0,597,231.143
222,455.432,974.181,333.42,144,0,598,229.473
220,453.045,973.845,333.834,143,0,599,230.109
219,461.594,974.001,334.019,142,0,600,230.122
215,455.27,974.443,335.925,141,0,601,230.427
216,448.167,974.658,336.903,140,0,602,231.588
220,446.523,974.547,337.273,139,0,603,232.182
210,441.6,973.741,337.807,138,0,604,231.938
211,444.422,973.529,338.692,137,0,605,232.422
207,444.831,973.929,339.525,136,0,606,231.63
202,440.178,974.374,339.778,135,0,607,231.786
191,442.618,974.769,340.235,134,0,608,231.37
191,435.969,975.211,342.173,133,0,609,232.087
214,436.827,978.666,348.427,132,0,558,230.757
454,391.934,948.094,314.201,149,0,611,230.148
457,385.184,947.399,314.853,148,0,612,230.511
448,382.27,947.384,315.632,147,0,613,230.914
428,390.238,947.533,316.145,146,0,614,231.519
433,387.06,947.519,317.049,145,0,615,231.143
415,383.207,947.4,318.024,144,0,616,229.473
417,383.242,947.222,318.74,143,0,617,230.109
398,387.083,946.879,319.473,142,0,618,230.122
387,387.832,946.572,319.919,141,0,619,230.427
369,380.539,946.864,320.923,140,0,620,231.588
365,386.625,946.883,321.411,139,0,621,232.182
349,389.917,946.191,322.424,138,0,622,231.938
350,386.289,945.63,323.959,137,0,623,232.422
343,376.216,945.501,324.427,136,0,624,231.63
339,378.914,945.386,324.957,135,0,625,231.786
334,376.719,945.841,324.996,134,0,626,231.37
340,369.335,945.45,325.623,133,0,627,232.087
348,368.589,945.558,326.584,132,0,628,230.757
334,353.35,945.066,328.754,131,0,629,230.135
532,371.062,947.043,344.772,130,0,630,230.411
529,375.671,947.223,344.276,129,0,631,228.805
500,374.818,947.246,344.386,128,0,632,231.078
491,383.163,946.707,345.401,127,0,633,231.558
474,382.928,946.908,345.009,126,0,634,230.377
464,381.552,947.326,345.573,125,0,635,230.151
469,383.825,947.352,345.338,124,0,636,229.422
473,374.77,947.164,345.526,123,0,637,230.48
440,378.627,946.974,345.918,122,0,638,230.051
445,381.78,947.758,345.29,121,0,639,230.62
427,381.958,946.633,345.984,120,0,640,230.922
415,378.641,946.553,346.102,119,0,641,230.31
427,373.71,946.557,346.414,118,0,642,228.504
404,381.176,946.5,346.464,117,0,643,229.55
392,384.903,946.86,346.097,116,0,644,228.958
374,381.556,947.276,345.887,115,0,645,229.746
362,382.381,947.301,346.209,114,0,646,230.104
358,381.941,947.2,345.443,113,0,647,229.7
351,383.661,947.447,346.177,112,0,648,230.527
333,382.321,947.597,344.817,111,0,649,229.978
315,386.568,947.688,345.214,110,0,650,230.732
303,391.558,948.306,346.121,109,0,651,230.003
298,391.299,949.344,347.552,108,0,652,231.047
272,394.625,950.414,348.99,107,0,653,232.022
271,400.952,951.007,350.049,106,0,654,231.315
266,383.5,951.595,351.697,105,0,655,232.279
277,379.491,951.181,353.071,104,0,656,230.301
261,386.414,950.775,355.443,103,0,657,231.942
265,377.955,950.696,357.42,102,0,658,231.647
244,388.098,950.85,359.263,101,0,659,230.11
246,371.211,951.056,360.408,100,0,660,230.788
230,381.191,951.828,362.292,99,0,661,231.275
227,370.819,952.022,363.596,98,0,662,232.157
223,371.48,951.71,364.498,97,0,663,231.663
217,362.097,951.096,364.427,96,0,664,232.634
405,372.002,960.575,374.175,95,0,665,232.778
410,368.649,960.675,373.589,94,0,666,233.756
402,370.522,960.611,372.618,93,0,667,234.227
382,363.607,961.052,372.651,92,0,668,234.894
377,360.366,961.48,372.756,91,0,669,233.783
380,354.253,962.062,372.065,90,0,670,232.452
374,353.955,961.869,371.729,89,0,671,233.627
372,356.524,962.541,371.726,88,0,672,233.288
354,352.715,962.902,371.132,87,0,673,234.27
350,353.46,963.897,371.208,86,0,674,234.706
355,348.921,964.67,371.21,85,0,675,234.53
346,339.864,965.172,371.017,84,0,676,234.54
336,333.464,965.778,370.921,83,0,677,235.225
331,335.459,966.188,371.022,82,0,678,233.512
334,337.099,966.413,370.58,81,0,679,235.183
324,330.114,966.962,371.455,80,0,680,235.499
323,330.502,967.09,371.123,79,0,681,236.057
311,327.161,967.645,371.942,78,0,682,236.142
306,324.546,969.032,372.536,77,0,683,235.604
303,320.109,970.678,373.547,76,0,684,235.842
297,319.609,972.755,374.041,75,0,685,236.116
277,329.715,975.793,375.568,74,0,686,236.587
259,325.012,978.677,375.658,73,0,687,235.813
248,321.871,979.497,375.42,72,0,469,237.115
541,346.712,927.087,324.994,149,0,689,230.148
517,345.447,926.897,327.379,148,0,690,230.511
467,349.991,927.459,328.977,147,0,691,230.914
467,356.726,927.786,331.19,146,0,692,231.519
468,353.872,928.151,332.551,145,0,693,231.143
455,349.114,928.165,334.045,144,0,694,229.473
427,354.379,928.523,336.199,143,0,695,230.109
437,355.245,928.918,336.947,142,0,696,230.122
403,353.32,929.153,338.142,141,0,697,230.427
411,348.985,929.961,338.551,140,0,698,231.588
401,353.387,930.441,340.298,139,0,699,232.182
378,351.929,929.915,340.849,138,0,700,231.938
372,354.941,929.255,341.701,137,0,701,232.422
371,350.011,929.456,342.257,136,0,702,231.63
346,351.298,930.402,343.585,135,0,703,231.786
330,356.936,930.976,345.626,134,0,704,231.37
320,358.975,930.734,346.763,133,0,705,232.087
611,370.144,937.656,367.367,132,0,706,230.757
593,368.396,937.688,368.827,131,0,707,230.135
575,365.953,938,369.178,130,0,708,230.411
557,367.546,938.386,368.784,129,0,709,228.805
520,371.798,939.093,369.407,128,0,710,231.078
528,365.977,938.691,369.928,127,0,711,231.558
499,373.966,939.146,370.186,126,0,712,230.377
490,363.524,939.483,369.655,125,0,713,230.151
478,365.23,939.791,369.856,124,0,714,229.422
480,363.933,939.853,370.172,123,0,2224,230.48
311,435.598,944.961,367.997,149,0,716,230.148
300,444.413,945.046,368.206,148,0,717,230.511
296,441.885,945.906,367.683,147,0,718,230.914
290,438.421,946.352,367.101,146,0,719,231.519
288,434.333,946.834,367.037,145,0,720,231.143
279,437.011,947.11,366.461,144,0,721,229.473
273,430.927,947.698,366.022,143,0,722,230.109
265,433.498,948.062,366.083,142,0,723,230.122
266,430.357,948.875,365.985,141,0,724,230.427
271,418.827,949.513,364.888,140,0,725,231.588
264,418.811,949.638,365.189,139,0,726,232.182
249,424.253,949.089,365.559,138,0,727,231.938
242,423.992,948.553,365.143,137,0,728,232.422
232,415.047,948.635,365.047,136,0,729,231.63
235,406.787,948.982,365.069,135,0,730,231.786
234,409.474,949.585,364.339,134,0,731,231.37
243,402.383,949.164,364.15,133,0,732,232.087
229,404.624,949.292,364.047,132,0,733,230.757
212,413.547,949.269,364.652,131,0,629,230.135
245,431.996,954.514,355.273,149,0,735,230.148
250,441.976,954.442,355.943,148,0,736,230.511
229,440.629,955.287,356.449,147,0,737,230.914
236,440.047,955.954,355.501,146,0,738,231.519
229,431.489,956.489,356.838,145,0,739,231.143
241,439.776,957.061,357.161,144,0,740,229.473
222,438.149,957.898,357.844,143,0,741,230.109
217,441.963,958.189,358.008,142,0,742,230.122
216,439.866,958.871,358.427,141,0,743,230.427
189,432.55,961.056,360.5,140,0,744,231.588
222,439.275,961.012,360.217,139,0,745,232.182
215,428.688,960.841,361.141,138,0,746,231.938
209,438.455,960.72,362.037,137,0,747,232.422
214,432.64,961.621,362.275,136,0,748,231.63
213,436.634,963.014,364.371,135,0,749,231.786
207,429.473,964.422,366.841,134,0,750,231.37
193,430.622,965.683,371.637,133,0,751,232.087
177,432.429,966.877,376.858,132,0,752,230.757
176,432,966.934,378.614,131,0,753,230.135
170,423.453,967.385,378.736,130,0,754,230.411
161,439.789,967.101,377.381,129,0,755,228.805
180,422.056,967.218,376.953,128,0,756,231.078
340,421.309,970.552,389.181,127,0,757,231.558
339,418.05,970.855,388.862,126,0,758,230.377
333,421.474,971.22,387.638,125,0,759,230.151
316,433.161,971.438,386.913,124,0,760,229.422
316,420.146,971.361,386.648,123,0,761,230.48
328,425.058,970.867,385.907,122,0,762,230.051
319,428.693,972.043,385.133,121,0,763,230.62
319,421.066,971.428,385.894,120,0,764,230.922
315,422.844,971.112,385.357,119,0,765,230.31
300,424.687,971.204,385.254,118,0,766,228.504
289,420.619,970.638,384.576,117,0,767,229.55
292,416.027,971.202,384.531,116,0,768,228.958
294,411.799,971.343,384.242,115,0,769,229.746
290,410.786,971.24,384.55,114,0,770,230.104
282,415.894,971.073,384.964,113,0,771,229.7
266,406.936,970.715,384.453,112,0,772,230.527
247,416.417,971.192,385.143,111,0,773,229.978
241,413.867,970.797,384.172,110,0,774,230.732
240,407.888,971.467,384.893,109,0,775,230.003
229,412.349,971.699,385.099,108,0,776,231.047
228,409.711,971.431,385.415,107,0,777,232.022
221,418.258,972.369,386.331,106,0,778,231.315
216,410.106,972.533,386.894,105,0,779,232.279
202,394.95,972.513,386.958,104,0,780,230.301
203,401.049,972.517,387.235,103,0,781,231.942
192,394.359,972.896,387.431,102,0,782,231.647
196,390.52,973.048,387.686,101,0,783,230.11
178,386.275,972.758,387.767,100,0,784,230.788
191,395.618,973.199,388.376,99,0,785,231.275
187,386.144,973.361,388.665,98,0,786,232.157
172,394.186,972.706,387.77,97,0,787,231.663
183,384.486,972.35,387.472,96,0,664,232.634
277,418.404,962.911,337.436,149,0,789,230.148
276,413.855,962.7,338.584,148,0,790,230.511
268,423.918,963.407,339.734,147,0,791,230.914
265,432.43,965.191,344.031,146,0,792,231.519
258,427.663,965.901,345.96,145,0,793,231.143
249,432.193,966.357,346.007,144,0,794,229.473
244,425.787,966.685,346.7,143,0,795,230.109
245,427.167,967.237,347.109,142,0,796,230.122
228,430.294,967.341,347.756,141,0,797,230.427
227,426.648,967.785,347.896,140,0,798,231.588
228,437.605,968.019,348.354,139,0,799,232.182
221,434.543,967.586,348.943,138,0,800,231.938
210,431.105,967.249,349.852,137,0,801,232.422
210,428.81,967.519,350.015,136,0,802,231.63
204,424.583,968.692,351.75,135,0,2216,231.786
276,385.993,986.784,352.643,149,0,804,230.148
290,381.466,985.154,353.232,148,0,805,230.511
298,380.721,986.176,352.992,147,0,806,230.914
292,377.812,987.933,353.057,146,0,807,231.519
239,382.937,988.066,353.962,145,0,808,231.143
233,374.777,988.497,353.966,144,0,809,229.473
230,381.07,988.528,355.38,143,0,245,230.109
378,405.571,1007.626,351.58,149,0,811,230.148
363,407.152,1007.445,353.779,148,0,812,230.511
351,406.199,1007.344,354.986,147,0,813,230.914
337,408.662,1006.278,356.473,146,0,814,231.519
324,405.503,1005.239,356.292,145,0,815,231.143
314,401.678,1004.785,356.697,144,0,816,229.473
300,401.337,1004.662,357.69,143,0,817,230.109
309,391.249,1005.018,357.795,142,0,818,230.122
296,396.895,1004.944,358.363,141,0,819,230.427
284,401.433,1006.261,357.879,140,0,820,231.588
272,404.221,1006.705,357.26,139,0,821,232.182
284,395.211,1006.629,356.425,138,0,822,231.938
278,394.701,1006.374,356.688,137,0,823,232.422
276,394.141,1006.381,357.184,136,0,824,231.63
266,389.992,1006.239,357.748,135,0,825,231.786
263,389.24,1006.5,357.804,134,0,826,231.37
261,388.682,1005.795,358.072,133,0,827,232.087
253,381.826,1006.535,357.908,132,0,828,230.757
250,378.216,1005.884,358.726,131,0,829,230.135
240,374.442,1005.498,359.634,130,0,830,230.411
231,377.216,1004.513,359.859,129,0,831,228.805
224,376.321,1003.802,360.645,128,0,832,231.078
229,373.45,1001.676,362.664,127,0,833,231.558
226,376.659,1001.187,363.784,126,0,213,230.377
372,378.605,1033.601,332.685,149,0,835,230.148
344,368.971,1032.74,333.793,148,0,836,230.511
325,372.637,1031.993,333.745,147,0,837,230.914
307,372.322,1030.673,333.007,146,0,838,231.519
311,379.244,1030.29,332.608,145,0,839,231.143
295,372.692,1029.666,331.695,144,0,840,229.473
292,362.205,1029.253,330.989,143,0,841,230.109
277,371.321,1029.111,331.372,142,0,842,230.122
274,367.245,1028.819,331.713,141,0,843,230.427
269,365.498,1029.235,332.09,140,0,844,231.588
267,362.79,1029.034,332.768,139,0,845,232.182
249,379.369,1027.851,334.619,138,0,846,231.938
243,361.72,1026.826,336.848,137,0,847,232.422
235,365.383,1026.194,337.363,136,0,848,231.63
222,369.523,1025.036,339.405,135,0,849,231.786
454,366.709,1023.661,354.703,134,0,850,231.37
427,369.878,1022.965,355.115,133,0,851,232.087
412,367.121,1022.848,356.33,132,0,852,230.757
401,361.818,1022.574,358.677,131,0,853,230.135
393,359.985,1022.467,359.983,130,0,854,230.411
399,353.9,1022.746,360.637,129,0,855,228.805
385,357.751,1022.752,362.082,128,0,856,231.078
362,356.033,1022.257,363.363,127,0,857,231.558
348,357.98,1022.189,364.439,126,0,858,230.377
356,355.427,1022.175,365.48,125,0,859,230.151
346,357.182,1021.983,366.502,124,0,860,229.422
338,356.411,1020.615,367.548,123,0,861,230.48
322,357.643,1020.377,368.814,122,0,862,230.051
317,358.416,1020.967,369.01,121,0,863,230.62
308,355.994,1019.916,370.509,120,0,864,230.922
297,348.044,1020.153,371.827,119,0,865,230.31
298,351.265,1020.373,373.378,118,0,866,228.504
278,352.079,1019.935,374.427,117,0,867,229.55
272,353.493,1019.953,375.57,116,0,868,228.958
273,349.333,1020.171,376.791,115,0,869,229.746
245,353.914,1020.137,378.646,114,0,870,230.104
252,360.119,1020,380.032,113,0,871,229.7
237,347.135,1020.746,381.59,112,0,872,230.527
223,353.982,1020.531,381.915,111,0,873,229.978
225,352.604,1021.087,382.537,110,0,874,230.732
226,350.186,1021.953,382.87,109,0,875,230.003
229,350.437,1022.564,383.043,108,0,876,231.047
477,350.373,1036.308,390.145,107,0,877,232.022
470,350.3,1037.038,390.391,106,0,878,231.315
468,341.744,1037.288,390.484,105,0,879,232.279
458,340.297,1037.214,390.328,104,0,880,230.301
430,350.537,1037.202,390.755,103,0,881,231.942
429,341.844,1036.988,390.664,102,0,882,231.647
411,339.472,1037.128,390.582,101,0,883,230.11
414,335.261,1037.617,390.833,100,0,884,230.788
407,341.3,1037.489,390.733,99,0,885,231.275
389,338.949,1037.596,390.845,98,0,886,232.157
392,331.574,1037.504,390.746,97,0,887,231.663
376,334.093,1037.407,390.892,96,0,888,232.634
381,337.57,1037.546,391.083,95,0,889,232.778
367,336.703,1038.512,391.642,94,0,890,233.756
360,335.511,1038.087,391.484,93,0,891,234.227
339,337.103,1038.386,391.686,92,0,892,234.894
342,328.854,1038.945,392.114,91,0,893,233.783
350,328.86,1038.361,392.007,90,0,894,232.452
341,329.355,1038.616,392.168,89,0,895,233.627
333,328.015,1038.121,392.143,88,0,896,233.288
326,325.255,1038.492,392.528,87,0,897,234.27
324,329.898,1039.385,393.15,86,0,898,234.706
315,325.295,1037.974,392.809,85,0,899,234.53
309,323.382,1038.651,393.135,84,0,900,234.54
291,318.498,1038.054,392.896,83,0,901,235.225
290,322,1037.961,393.264,82,0,902,233.512
271,321.129,1037.632,393.33,81,0,903,235.183
272,325.746,1038.014,394.243,80,0,904,235.499
253,315.581,1037.602,394.643,79,0,905,236.057
272,324.526,1037.728,395.698,78,0,906,236.142
267,315.959,1036.957,395.851,77,0,907,235.604
256,317.191,1037.297,397.462,76,0,908,235.842
570,309.549,1049.911,411.035,75,0,909,236.116
562,304.109,1049.661,411.351,74,0,910,236.587
563,300.902,1049.706,411.803,73,0,911,235.813
523,302.61,1049.6,412.193,72,0,912,237.115
508,303.559,1049.271,412.31,71,0,913,235.671
499,302.854,1049.198,412.526,70,0,914,236.195
491,300.114,1049.034,412.49,69,0,915,238.218
476,303.519,1049.17,412.588,68,0,916,237.222
474,293.285,1049.182,412.611,67,0,917,238.408
457,302.144,1049.135,412.854,66,0,918,237.445
464,297.812,1049.423,413.078,65,0,919,238.183
463,299.844,1049.712,413.362,64,0,920,239.772
456,300.127,1049.712,412.705,63,0,921,239.452
443,293.23,1048.881,413.203,62,0,922,240.534
451,292.095,1049.006,413.263,61,0,923,241.372
430,290.342,1048.923,412.78,60,0,924,242.224
405,296.402,1047.421,412.754,59,0,925,242.88
393,293.87,1046.37,412.157,58,0,926,243.847
375,301.36,1044.547,411.235,57,0,927,243.691
350,293.391,1043.804,410.657,56,0,928,244.254
351,298.755,1043.874,410.921,55,0,929,245.675
332,296.06,1043.28,410.905,54,0,930,244.301
335,298.397,1042.93,411.042,53,0,931,242.877
339,303.463,1042.282,410.764,52,0,155,243.716
301,389.618,1044.4,372.73,149,0,933,230.148
301,395.515,1043.833,373.205,148,0,934,230.511
293,397.58,1042.655,373.286,147,0,935,230.914
293,396.457,1041.201,373.989,146,0,936,231.519
277,397.996,1040.311,374.79,145,0,937,231.143
276,394.583,1039.926,376.132,144,0,938,229.473
282,396.996,1039.929,377.437,143,0,939,230.109
275,386.458,1039.338,380.315,142,0,940,230.122
255,403.278,1037.833,384.499,141,0,941,230.427
250,394.868,1038.378,384.972,140,0,942,231.588
247,387.567,1039.829,385.25,139,0,943,232.182
252,378.937,1040.552,386.372,138,0,944,231.938
245,378.347,1040.396,386.905,137,0,945,232.422
487,377.967,1054.989,392.223,136,0,946,231.63
469,372.985,1054.675,393.121,135,0,947,231.786
447,366.038,1055.313,393.851,134,0,948,231.37
438,368.235,1053.785,394.668,133,0,949,232.087
436,361.729,1053.934,395.011,132,0,950,230.757
414,361.114,1053.186,395.357,131,0,951,230.135
396,362.732,1052.859,395.653,130,0,952,230.411
386,357.461,1052.967,395.923,129,0,953,228.805
369,360.854,1052.342,395.408,128,0,954,231.078
357,359.19,1051.566,395.926,127,0,955,231.558
354,351.695,1051.503,396.036,126,0,956,230.377
345,356.159,1051.517,395.904,125,0,957,230.151
338,351.228,1051.729,396.01,124,0,958,229.422
336,350.057,1050.931,396.124,123,0,959,230.48
333,346.763,1050.791,396.279,122,0,960,230.051
325,348.194,1051.457,395.669,121,0,961,230.62
308,347.666,1050.987,396.551,120,0,962,230.922
307,340.814,1050.539,396.531,119,0,963,230.31
300,345.613,1051.158,396.671,118,0,964,228.504
288,339.271,1050.826,396.794,117,0,965,229.55
302,343.351,1051.036,396.796,116,0,966,228.958
286,343.08,1051.13,396.748,115,0,967,229.746
292,346.192,1050.372,396.967,114,0,968,230.104
288,341.09,1050.281,396.973,113,0,969,229.7
275,347.116,1050.229,397.249,112,0,970,230.527
266,334.793,1049.4,396.897,111,0,971,229.978
257,337.611,1049.618,396.806,110,0,972,230.732
249,341.406,1049.614,396.733,109,0,973,230.003
245,344.8,1049.535,396.716,108,0,876,231.047
333,368.147,1072.649,389.507,149,0,975,230.148
333,367.943,1072.057,390.189,148,0,976,230.511
330,367.615,1071.274,391.236,147,0,977,230.914
325,372.206,1070.774,391.936,146,0,978,231.519
325,376.498,1071.081,392.95,145,0,979,231.143
316,367.389,1070.251,393.313,144,0,980,229.473
307,367.094,1070.219,393.82,143,0,981,230.109
304,363.049,1070.51,394.394,142,0,982,230.122
298,370.47,1070.476,394.702,141,0,983,230.427
277,374.599,1070.973,395.179,140,0,984,231.588
278,364.978,1071.695,395.356,139,0,985,232.182
253,362.755,1070.853,396.102,138,0,986,231.938
251,366.41,1069.552,396.361,137,0,945,232.422
396,350.008,1096.578,394.967,149,0,988,230.148
382,340.419,1096.295,394.978,148,0,989,230.511
372,348.282,1096.218,395.466,147,0,990,230.914
365,339.496,1095.965,396.063,146,0,991,231.519
347,345.945,1096.34,396.54,145,0,992,231.143
349,337.596,1096.345,397.339,144,0,993,229.473
339,336.782,1095.957,397.368,143,0,994,230.109
325,340.255,1096.227,398.639,142,0,995,230.122
315,338.844,1095.95,399.384,141,0,996,230.427
303,336.083,1095.942,400.179,140,0,997,231.588
288,331.583,1095.983,400.377,139,0,998,232.182
276,328.957,1094.532,401.605,138,0,999,231.938
287,331.46,1093.09,402.436,137,0,1000,232.422
279,329.9,1092.309,401.778,136,0,1001,231.63
284,323.56,1091.126,402.365,135,0,1002,231.786
508,338.74,1086.058,418.716,134,0,1003,231.37
480,338.796,1084.991,418.885,133,0,1004,232.087
477,332.172,1084.653,418.389,132,0,1005,230.757
448,338.971,1082.818,419.341,131,0,1006,230.135
446,332.386,1081.379,419.546,130,0,1007,230.411
431,337.032,1080.169,419.524,129,0,1008,228.805
414,339.379,1079.438,419.564,128,0,1009,231.078
409,334.406,1077.915,419.172,127,0,1010,231.558
404,336.359,1077.245,419.265,126,0,1011,230.377
395,335.491,1076.998,418.453,125,0,1012,230.151
390,337.554,1076.601,417.95,124,0,1013,229.422
385,337.008,1075.734,418.036,123,0,1014,230.48
386,333.42,1075.253,417.707,122,0,1015,230.051
369,332.71,1075.369,417.094,121,0,1016,230.62
359,342.117,1074.084,416.884,120,0,1017,230.922
361,327.374,1073.067,417.609,119,0,1018,230.31
339,332.569,1072.593,417.921,118,0,1019,228.504
334,331.979,1071.89,417.969,117,0,1020,229.55
317,324.309,1071.886,418.976,116,0,1021,228.958
314,335.36,1071.545,418.721,115,0,1022,229.746
304,335.878,1070.332,418.932,114,0,1023,230.104
298,332.399,1069.368,418.901,113,0,1024,229.7
291,331.674,1068.315,419.34,112,0,1025,230.527
284,323.923,1067.947,419.788,111,0,1026,229.978
266,326.383,1068.074,418.739,110,0,1027,230.732
274,332.774,1067.743,418.499,109,0,1028,230.003
265,327.43,1067.748,418.916,108,0,1029,231.047
260,322.338,1067.187,419.092,107,0,1030,232.022
246,323.366,1067.165,418.931,106,0,1031,231.315
253,322.451,1067.094,419.195,105,0,1032,232.279
250,316.076,1066.895,419.33,104,0,1033,230.301
247,314.154,1066.311,419.766,103,0,1034,231.942
237,316.806,1066.03,420.068,102,0,1035,231.647
245,307.465,1065.974,420.099,101,0,1036,230.11
230,316.661,1064.899,419.751,100,0,1037,230.788
222,315.455,1064.383,419.197,99,0,1038,231.275
511,304.497,1072.746,431.947,98,0,1039,232.157
497,302.561,1071.923,431.018,97,0,1040,231.663
479,307.639,1071.161,430.427,96,0,1041,232.634
459,305.573,1070.224,429.564,95,0,1042,232.778
471,311.794,1069.764,429.169,94,0,1043,233.756
455,307.327,1069.472,428.751,93,0,1044,234.227
458,301.515,1069.228,428.439,92,0,1045,234.894
460,302.915,1068.934,428.371,91,0,1046,233.783
431,304.415,1067.92,427.802,90,0,1047,232.452
431,303.814,1067.276,427.285,89,0,2248,233.627
706,240.407,1064.519,372.498,88,0,1049,233.288
435,303.147,1065.665,425.334,87,0,1050,234.27
394,308.64,1064.534,424.634,86,0,1051,234.706
396,305.934,1063.274,423.496,85,0,1052,234.53
375,302.629,1062.601,423.265,84,0,1053,234.54
358,306.69,1061.397,422.023,83,0,1054,235.225
358,307.123,1061.072,422.024,82,0,1055,233.512
345,304.11,1060.607,421.969,81,0,1056,235.183
338,311.923,1061.054,422.406,80,0,1057,235.499
328,313.067,1061.079,422.478,79,0,1058,236.057
304,308.013,1061.438,422.965,78,0,1059,236.142
319,303.295,1060.74,422.797,77,0,1060,235.604
315,302.705,1061.589,422.751,76,0,908,235.842
351,361.236,1098.579,445.185,149,0,1062,230.148
351,365.066,1097.64,444.603,148,0,1063,230.511
331,366.704,1096.917,443.15,147,0,1064,230.914
326,369.092,1096.382,442.198,146,0,1065,231.519
301,365.106,1096.007,442.214,145,0,1066,231.143
296,358.375,1095.738,440.941,144,0,1067,229.473
286,360.07,1095.58,439.441,143,0,1068,230.109
273,355.505,1094.943,439.895,142,0,1069,230.122
276,355.873,1094.931,439.342,141,0,1070,230.427
618,343.617,1093.986,460.341,140,0,1071,231.588
599,347.606,1094.145,458.564,139,0,1072,232.182
576,344.679,1093.303,458.173,138,0,1073,231.938
577,341.329,1092.781,457.336,137,0,1074,232.422
568,341.391,1092.221,456.178,136,0,1075,231.63
530,341.881,1091.051,455.195,135,0,1076,231.786
505,351.352,1090.56,454.84,134,0,1077,231.37
499,344.671,1089.783,454.458,133,0,1078,232.087
495,338.584,1089.138,453.841,132,0,1079,230.757
474,340.759,1087.977,453.615,131,0,1080,230.135
479,340.428,1087.38,453.179,130,0,1081,230.411
480,335.608,1086.957,453.035,129,0,1082,228.805
468,337.812,1086.669,452.808,128,0,1083,231.078
482,336.427,1085.611,453.234,127,0,1084,231.558
482,331.432,1085.058,453.555,126,0,1085,230.377
481,330.557,1085.109,452.445,125,0,1086,230.151
463,332.95,1084.863,452.03,124,0,1087,229.422
456,337.897,1084.156,452.132,123,0,1088,230.48
450,328.338,1083.953,452.588,122,0,1089,230.051
439,325.8,1084.884,452.002,121,0,1090,230.62
445,327.079,1083.932,451.447,120,0,1091,230.922
426,326.049,1083.959,452.785,119,0,1092,230.31
421,319.876,1084.039,452.434,118,0,1093,228.504
411,322.742,1084.083,451.532,117,0,1094,229.55
401,322.638,1084.479,451.572,116,0,1095,228.958
393,324.545,1084.893,451.43,115,0,1096,229.746
383,319.687,1084.536,451.323,114,0,1097,230.104
368,315.924,1084.463,450.368,113,0,1098,229.7
380,316.118,1084.681,449.769,112,0,1099,230.527
361,314.543,1084.797,449.83,111,0,1100,229.978
358,311.316,1084.77,449.888,110,0,1101,230.732
353,314.385,1085.098,450.275,109,0,1102,230.003
345,314.809,1084.577,449.175,108,0,1103,231.047
345,307.475,1084.736,448.64,107,0,1104,232.022
332,307.864,1084.76,447.969,106,0,1105,231.315
324,306.358,1085.066,447.764,105,0,1106,232.279
332,303.244,1085.319,447.728,104,0,1107,230.301
325,298.495,1084.893,447.163,103,0,1108,231.942
318,302.865,1084.824,446.948,102,0,1109,231.647
301,299.369,1085.078,446.831,101,0,1110,230.11
302,299.56,1082.305,446.399,100,0,1111,230.788
291,297.704,1081.163,445.098,99,0,1038,231.275
395,348.747,1098.851,488.758,149,0,1113,230.148
387,346.052,1098.009,487.59,148,0,1114,230.511
375,339.235,1097.758,487.275,147,0,1115,230.914
375,345.12,1097.483,485.703,146,0,1116,231.519
357,342.443,1097.585,485.153,145,0,1117,231.143
344,340.119,1096.113,483.148,144,0,1118,229.473
362,340.92,1094.193,482.037,143,0,1119,230.109
343,338.682,1093.344,480.686,142,0,1120,230.122
334,344.269,1092.828,479.435,141,0,1070,230.427
317,391.495,1084.691,438.077,149,0,1122,230.148
313,388.399,1083.936,437.565,148,0,1123,230.511
304,386.289,1083.907,437.37,147,0,1124,230.914
296,384.054,1083.939,437.445,146,0,1125,231.519
296,387.959,1083.831,436.931,145,0,1126,231.143
288,381.885,1083.791,436.54,144,0,1127,229.473
273,383.073,1083.63,436.487,143,0,1128,230.109
270,379.426,1083.149,436.508,142,0,1129,230.122
267,381.067,1082.954,436.195,141,0,1130,230.427
251,375.669,1083.019,435.792,140,0,1131,231.588
245,375.298,1083.077,435.423,139,0,1132,232.182
243,362.535,1082.268,435.94,138,0,1133,231.938
230,367.887,1082.237,437.094,137,0,1134,232.422
228,363.14,1082.216,436.096,136,0,1135,231.63
226,349.372,1081.471,435.855,135,0,1002,231.786
324,399.231,1069.819,418.053,149,0,1137,230.148
302,400.434,1069.018,417.336,148,0,1138,230.511
303,405.086,1068.39,416.622,147,0,1139,230.914
310,403.884,1068.409,417.928,146,0,1140,231.519
304,402.53,1068.115,417.501,145,0,1141,231.143
289,397.391,1068.161,418.325,144,0,1142,229.473
276,401.725,1068.325,418.852,143,0,1143,230.109
276,399.804,1068.54,419.487,142,0,1144,230.122
266,410.214,1069.159,420.811,141,0,1145,230.427
264,402.394,1069.523,421.015,140,0,1146,231.588
262,409.141,1069.697,420.689,139,0,1147,232.182
250,400.048,1068.703,421.086,138,0,1148,231.938
252,400.75,1068.158,421.73,137,0,1149,232.422
238,393.458,1067.785,420.996,136,0,1150,231.63
520,389.577,1069.185,440.757,135,0,1151,231.786
511,381.102,1068.979,440.756,134,0,1152,231.37
498,386.305,1067.944,440.35,133,0,1153,232.087
482,384.033,1067.756,440.33,132,0,1154,230.757
475,380.768,1066.567,440.002,131,0,1155,230.135
460,376.683,1065.175,438.87,130,0,1156,230.411
451,373.224,1064.804,437.719,129,0,1157,228.805
452,378.783,1064.801,437.183,128,0,1158,231.078
424,372.019,1063.916,437.586,127,0,1159,231.558
415,365.865,1063.584,437.172,126,0,1160,230.377
388,366.485,1063.365,436.142,125,0,1161,230.151
398,364.656,1062.795,434.846,124,0,1162,229.422
385,356.875,1061.485,434.084,123,0,1163,230.48
387,352.199,1060.148,433.124,122,0,1164,230.051
371,355.561,1060.09,431.274,121,0,1165,230.62
359,350.799,1058.233,430.651,120,0,1166,230.922
347,355.464,1056.958,428.912,119,0,1167,230.31
353,357.479,1056.749,429.312,118,0,1168,228.504
335,351.651,1055.98,427.975,117,0,1169,229.55
325,353.305,1055.469,427.479,116,0,1170,228.958
314,346.726,1055.321,426.788,115,0,1171,229.746
316,345.161,1054.26,426.772,114,0,1172,230.104
301,343.472,1053.169,426.028,113,0,1173,229.7
300,344.007,1051.826,425.284,112,0,1174,230.527
300,337.75,1051.456,424.835,111,0,1175,229.978
300,334.16,1051.128,423.559,110,0,1176,230.732
277,329.332,1050.041,421.616,109,0,1177,230.003
280,331.568,1049.737,420.591,108,0,1178,231.047
270,334.707,1048.89,419.342,107,0,1179,232.022
253,331.549,1048.25,417.401,106,0,1180,231.315
236,326.886,1047.613,415.538,105,0,1181,232.279
217,325.055,1046.929,413.61,104,0,1182,230.301
201,333.303,1045.466,411.363,103,0,1183,231.942
189,336.402,1044.709,410.057,102,0,1184,231.647
188,333.489,1043.487,408.39,101,0,1185,230.11
180,330.078,1041.662,407.6,100,0,1186,230.788
363,336.686,1025.531,399.465,99,0,1187,231.275
359,333.482,1025.139,399.073,98,0,1188,232.157
345,330.096,1024.2,398.52,97,0,1189,231.663
348,326.69,1023.565,398.404,96,0,1190,232.634
334,333.734,1023.576,398.691,95,0,1191,232.778
325,328.8,1023.101,398.474,94,0,1192,233.756
322,329.034,1023.11,398.525,93,0,1193,234.227
315,325.292,1023.804,398.618,92,0,1194,234.894
319,329.843,1023.968,398.93,91,0,1195,233.783
309,324.472,1024.206,398.989,90,0,1196,232.452
295,331.607,1024.398,399.338,89,0,2249,233.627
287,405.92,1050.888,401.536,149,0,1198,230.148
278,411.504,1049.907,401.405,148,0,1199,230.511
277,417.004,1047.789,400.742,147,0,1200,230.914
268,411.403,1046.241,401.107,146,0,1201,231.519
274,413.942,1045.192,401.272,145,0,1202,231.143
273,418.158,1044.74,402.089,144,0,1203,229.473
266,412.91,1044.193,402.41,143,0,1204,230.109
248,416.331,1044.848,404.103,142,0,1205,230.122
243,414.185,1045.559,405.518,141,0,1206,230.427
242,409.574,1046.103,405.47,140,0,1207,231.588
253,407.783,1046.249,405.083,139,0,1208,232.182
243,414.103,1044.724,404.87,138,0,1209,231.938
444,406.653,1030.491,396.288,137,0,1210,232.422
437,407.224,1030.919,396.596,136,0,1211,231.63
426,415.843,1030.709,396.796,135,0,1212,231.786
411,401.655,1030.281,396.519,134,0,1213,231.37
402,411.346,1029.186,396.621,133,0,1214,232.087
395,411.041,1029.225,396.328,132,0,1215,230.757
377,413.228,1028.849,396.451,131,0,1216,230.135
368,405.967,1027.501,395.673,130,0,1217,230.411
357,406.174,1026.932,394.947,129,0,1218,228.805
351,408.929,1026.276,394.418,128,0,1219,231.078
348,400.572,1025.459,394.548,127,0,1220,231.558
344,396.73,1025.232,394.332,126,0,1221,230.377
333,391.372,1025.781,394.381,125,0,1222,230.151
326,400.791,1025.87,394.75,124,0,1223,229.422
307,392.055,1025.365,394.941,123,0,1224,230.48
292,399.205,1024.477,394.228,122,0,1225,230.051
280,386.957,1024.576,393.322,121,0,1226,230.62
289,383.557,1023.954,394.388,120,0,1227,230.922
272,385.397,1023.106,393.85,119,0,1228,230.31
261,378.912,1024.021,394.882,118,0,1229,228.504
251,369.825,1023.922,394.942,117,0,1230,229.55
242,377.331,1024.385,395.957,116,0,1231,228.958
233,377.888,1024.43,396.174,115,0,1232,229.746
236,375.593,1023.931,396.614,114,0,1233,230.104
228,376.535,1023.364,396.642,113,0,1234,229.7
225,370.182,1022.107,396.542,112,0,1235,230.527
212,366.608,1021.317,396.014,111,0,1236,229.978
210,368.638,1020.144,395.522,110,0,1237,230.732
218,367.284,1019.065,395.112,109,0,1238,230.003
212,364.307,1017.492,394.549,108,0,1239,231.047
201,354.682,1017.433,394.379,107,0,1240,232.022
207,360.671,1015.859,393.701,106,0,1241,231.315
204,357.25,1014.499,393.175,105,0,1242,232.279
200,347.015,1014.188,393.305,104,0,1243,230.301
191,342.869,1012.641,392.884,103,0,1244,231.942
185,337.881,1012.245,392.535,102,0,1245,231.647
183,335.716,1012.135,392.696,101,0,1246,230.11
176,326.54,1011.57,392.523,100,0,1186,230.788
268,401.351,1024.666,368.273,149,0,1248,230.148
258,398.868,1024.925,368.993,148,0,1249,230.511
237,395.262,1024.059,368.705,147,0,1250,230.914
235,403.14,1023.304,368.411,146,0,1251,231.519
235,396.366,1022.612,367.901,145,0,1252,231.143
244,392.512,1022.039,367.468,144,0,1253,229.473
232,391.297,1022.044,366.843,143,0,1254,230.109
232,386,1020.617,366.23,142,0,1255,230.122
229,385.279,1019.332,364.797,141,0,1256,230.427
215,385.986,1019.672,364.32,140,0,1257,231.588
222,381.207,1020.164,364.222,139,0,1258,232.182
212,385.627,1020.856,365.121,138,0,1259,231.938
215,396.888,1021.057,366.033,137,0,1260,232.422
217,385.843,1021.577,365.997,136,0,1261,231.63
210,382.843,1022.004,367.155,135,0,849,231.786
266,398.402,1014.073,382.373,149,0,1263,230.148
259,408.799,1014.473,383.791,148,0,1264,230.511
256,409.094,1015.028,385.486,147,0,1265,230.914
247,399.227,1015.419,386.619,146,0,1266,231.519
247,411.081,1013.545,385.205,145,0,1267,231.143
246,408.26,1013.057,384.957,144,0,1268,229.473
238,410.84,1013.324,385.427,143,0,1269,230.109
240,401.488,1014.384,386.849,142,0,1270,230.122
222,405.045,1014.878,387.584,141,0,1271,230.427
218,414.239,1015.583,387.166,140,0,1272,231.588
204,424.245,1016.393,386.856,139,0,1273,232.182
210,411.833,1015.591,386.439,138,0,1209,231.938
223,396.726,1017.326,401.394,149,0,1275,230.148
214,399.252,1016.539,401.445,148,0,1276,230.511
423,405.775,1001.847,391.593,147,0,1277,230.914
403,403.945,1001.173,391.596,146,0,1278,231.519
397,403.693,1001.299,392.121,145,0,1279,231.143
385,401.818,1001.678,392.646,144,0,1280,229.473
379,394.43,1002.082,393.218,143,0,1281,230.109
349,396.616,1002.479,394.108,142,0,1282,230.122
340,399.585,1002.778,394.358,141,0,1283,230.427
323,394.898,1004.561,394.213,140,0,1284,231.588
327,404.517,1005.735,394.204,139,0,1285,232.182
317,401.438,1005.759,394.215,138,0,1286,231.938
316,390.981,1005.708,394.058,137,0,1287,232.422
301,395.777,1006.1,393.912,136,0,1288,231.63
292,397.397,1006.538,394.537,135,0,1289,231.786
292,397.884,1006.531,394.029,134,0,1290,231.37
285,390.586,1006.013,393.832,133,0,1291,232.087
278,390.662,1006.802,394.092,132,0,1292,230.757
262,394.389,1006.095,393.308,131,0,1293,230.135
250,394.644,1006.288,393.362,130,0,1294,230.411
243,391.65,1006.731,393.321,129,0,1295,228.805
241,387.676,1007.835,394.304,128,0,1296,231.078
230,390.309,1008.002,395.387,127,0,1297,231.558
223,397.04,1007.9,395.53,126,0,1298,230.377
219,399.416,1009.055,396.004,125,0,1299,230.151
219,401.927,1009.49,396.581,124,0,1300,229.422
205,388.815,1009.953,397.514,123,0,1301,230.48
200,394.99,1009.376,397.117,122,0,1302,230.051
203,393.064,1010.525,397.476,121,0,1303,230.62
197,401.939,1010.064,398.515,120,0,1304,230.922
194,389.536,1010.403,398.961,119,0,1305,230.31
187,383.406,1010.236,398.863,118,0,1306,228.504
185,380.032,1010.313,399.105,117,0,1307,229.55
180,382.389,1010.411,399.618,116,0,1308,228.958
181,376.906,1011.02,400.03,115,0,1309,229.746
179,384.542,1010.111,400.528,114,0,1310,230.104
182,377.357,1009.743,401.279,113,0,1311,229.7
169,382.213,1010.121,402.59,112,0,1312,230.527
163,377.301,1010.161,403.273,111,0,1313,229.978
155,375.968,1009.782,402.967,110,0,1314,230.732
334,370.704,1021.318,410.529,109,0,1315,230.003
320,378.238,1020.849,409.967,108,0,1316,231.047
325,369.462,1020.68,409.889,107,0,1317,232.022
314,370.242,1020.494,409.788,106,0,1318,231.315
318,358.176,1020.448,409.684,105,0,1319,232.279
310,355.5,1020.989,409.92,104,0,1320,230.301
317,357.924,1020.865,409.671,103,0,1321,231.942
325,355.705,1019.799,409.253,102,0,1322,231.647
313,353.601,1021.065,409.792,101,0,1323,230.11
311,354.421,1020.802,409.867,100,0,1324,230.788
304,349.503,1019.981,409.714,99,0,1325,231.275
309,348.845,1020.081,409.657,98,0,1326,232.157
303,349.32,1019.687,409.422,97,0,1327,231.663
300,342.603,1020.212,409.876,96,0,1328,232.634
291,343.584,1019.614,409.786,95,0,1329,232.778
294,343.109,1019.884,410.03,94,0,1330,233.756
285,342.035,1019.792,409.944,93,0,1331,234.227
279,332.935,1020.027,409.899,92,0,1332,234.894
256,342.297,1019.495,409.769,91,0,1333,233.783
245,342.71,1019.267,409.855,90,0,1334,232.452
253,339.395,1019.043,409.966,89,0,1335,233.627
242,342.012,1018.162,409.703,88,0,1336,233.288
228,345.193,1017.734,409.587,87,0,1337,234.27
227,339.022,1018.116,409.995,86,0,1338,234.706
233,335.541,1017.651,409.939,85,0,1339,234.53
228,337.224,1017.284,409.719,84,0,1340,234.54
230,327.339,1017.349,409.808,83,0,1341,235.225
227,332.498,1017.012,409.792,82,0,1342,233.512
232,329.358,1017.202,409.98,81,0,1343,235.183
226,329.858,1017.423,409.902,80,0,1344,235.499
226,328.102,1017.491,410.464,79,0,1345,236.057
223,315.942,1017.612,410.522,78,0,1346,236.142
224,334.915,1016.846,410.471,77,0,1347,235.604
210,334.505,1017.309,411.193,76,0,312,235.842
215,400.419,990.449,381.358,149,0,1349,230.148
221,400.783,990.103,382.294,148,0,1276,230.511
385,393.151,1001.968,411.641,149,0,1351,230.148
375,391.635,1001.46,411.084,148,0,1352,230.511
358,391.561,1001.359,411.207,147,0,1353,230.914
347,395.499,1001.703,411.625,146,0,1354,231.519
332,392.419,1001.655,411.539,145,0,1355,231.143
332,385.967,1002.006,411.822,144,0,1356,229.473
319,383.273,1002.423,412.036,143,0,1357,230.109
301,383.528,1001.846,411.483,142,0,1358,230.122
304,387.898,1002.028,411.711,141,0,1359,230.427
306,384.399,1003.419,412.02,140,0,1360,231.588
302,381.709,1004.132,412.027,139,0,1361,232.182
294,377.265,1002.752,410.866,138,0,1362,231.938
265,390.038,1003.457,411.448,137,0,1363,232.422
264,383.803,1003.599,410.593,136,0,1364,231.63
244,391.611,1003.577,411.103,135,0,1365,231.786
249,379.373,1004.148,410.98,134,0,1366,231.37
248,385.206,1003.872,410.214,133,0,1367,232.087
233,391.644,1004.689,410.233,132,0,1368,230.757
227,383.863,1005.251,409.987,131,0,1369,230.135
238,377.269,1005.484,410.008,130,0,1370,230.411
224,376.424,1006.433,410.111,129,0,1371,228.805
434,375.643,1017.669,420.238,128,0,1372,231.078
427,371.354,1016.951,420.53,127,0,1373,231.558
417,373.41,1017.877,421.496,126,0,1374,230.377
391,371.371,1017.93,421.134,125,0,1375,230.151
389,365.648,1017.927,421.095,124,0,1376,229.422
383,363.201,1018.317,421.741,123,0,1377,230.48
371,361.226,1018.128,421.567,122,0,1378,230.051
364,359.187,1019.229,421.533,121,0,1379,230.62
340,365.841,1017.969,421.498,120,0,1380,230.922
329,354.271,1018.611,422.471,119,0,1381,230.31
333,355.429,1018.014,421.95,118,0,1382,228.504
315,350.448,1018.306,421.847,117,0,1383,229.55
306,349.288,1018.4,422.224,116,0,1384,228.958
302,350.437,1019.031,422.532,115,0,1385,229.746
288,352.101,1018.666,422.67,114,0,1386,230.104
290,347.393,1019.242,423.506,113,0,1387,229.7
269,350,1019.118,423.9,112,0,1388,230.527
267,345.345,1019.293,424.119,111,0,1389,229.978
271,341.749,1019.124,423.75,110,0,1390,230.732
271,338.339,1019.488,424.414,109,0,1391,230.003
271,329.583,1020.087,424.533,108,0,1392,231.047
259,342.934,1020.325,424.966,107,0,1393,232.022
268,341.944,1021.017,425.347,106,0,1394,231.315
270,335.23,1021.845,426.113,105,0,1395,232.279
245,331.269,1021.92,426.227,104,0,1396,230.301
247,324.939,1022.091,426.563,103,0,1397,231.942
234,328.556,1022.259,426.451,102,0,1398,231.647
228,322.162,1022.428,426.661,101,0,1399,230.11
496,313.214,1034,438.937,100,0,1400,230.788
494,309.02,1033.26,438.258,99,0,1401,231.275
489,306.793,1032.354,437.56,98,0,1402,232.157
488,308.094,1032.005,437.44,97,0,1403,231.663
459,304.573,1031.965,437.749,96,0,1404,232.634
463,302.097,1032.508,438.353,95,0,1405,232.778
442,306.009,1032.437,438.217,94,0,1406,233.756
434,300.012,1032.483,438.337,93,0,1407,234.227
423,302.459,1032.091,438.234,92,0,1408,234.894
400,299.532,1032.006,438.601,91,0,1409,233.783
383,298.507,1032.05,439.134,90,0,1410,232.452
386,294.969,1031.589,439.038,89,0,1411,233.627
379,296.317,1031.568,438.777,88,0,1412,233.288
383,294.191,1031.625,438.889,87,0,1413,234.27
372,286.739,1031.809,439.215,86,0,1414,234.706
367,289.907,1031.695,439.224,85,0,1415,234.53
368,286.226,1031.632,438.992,84,0,1416,234.54
356,282.278,1031.897,439.308,83,0,1417,235.225
353,283.844,1031.729,439.067,82,0,1418,233.512
325,292.56,1031.806,439.217,81,0,1419,235.183
335,284.534,1031.597,438.238,80,0,1420,235.499
678,280.999,1036.578,456.56,79,0,1421,236.057
650,282.64,1036.798,456.045,78,0,1422,236.142
639,279.099,1036.568,454.796,77,0,1423,235.604
594,285.609,1037.039,454.058,76,0,1424,235.842
590,281.866,1037.024,452.915,75,0,1425,236.116
563,281.46,1036.649,451.71,74,0,1426,236.587
554,284.152,1036.465,450.852,73,0,1427,235.813
517,283.764,1036.004,449.653,72,0,1428,237.115
498,284.992,1036.028,449.401,71,0,1429,235.671
495,290.887,1035.935,448.675,70,0,1430,236.195
475,288.328,1035.735,447.748,69,0,1431,238.218
457,288.549,1035.716,447.363,68,0,1432,237.222
457,292.295,1035.38,446.233,67,0,1433,238.408
436,289.055,1035.246,446.15,66,0,1434,237.445
429,296.417,1034.916,445.409,65,0,1435,238.183
408,298.949,1034.784,444.985,64,0,1436,239.772
418,294.854,1035.227,444.909,63,0,1437,239.452
416,297.252,1034.586,444.682,62,0,1438,240.534
406,299.441,1034.067,443.604,61,0,1439,241.372
382,290.534,1034.729,443.387,60,0,1440,242.224
389,295.015,1033.988,443.49,59,0,1441,242.88
380,295.529,1033.973,443.161,58,0,1442,243.847
372,297.218,1033.897,442.993,57,0,1443,243.691
359,307.228,1033.813,442.824,56,0,1444,244.254
356,300.744,1034.173,443.378,55,0,1445,245.675
352,298.239,1033.955,442.848,54,0,1446,244.301
349,298.447,1033.843,443.149,53,0,1447,242.877
348,300.747,1034.074,442.587,52,0,1448,243.716
340,294.335,1034.004,442.756,51,0,1449,243.248
340,297.415,1033.806,441.891,50,0,1450,245.202
334,294.392,1033.994,442.425,49,0,1451,245.21
332,298.657,1033.94,442.148,48,0,1452,246.114
323,296.969,1033.763,441.639,47,0,1453,245.802
315,296.102,1033.642,441.474,46,0,1454,246.784
312,301.821,1033.519,441.109,45,0,1455,247.065
316,301.462,1033.399,441.19,44,0,1456,247.747
300,299.087,1033.385,440.698,43,0,1457,249.64
296,298.108,1033.161,440.35,42,0,1458,250.312
299,299.154,1033.155,440.184,41,0,1459,250.818
280,298.871,1033.018,440.041,40,0,1460,251.521
280,306.439,1033.034,439.247,39,0,1461,251.794
285,302.975,1032.327,438.124,38,0,1462,250.142
267,308.644,1032.104,437.626,37,0,1463,252.502
257,306.767,1031.416,436.419,36,0,352,255.367
253,406.083,972.74,385.685,149,0,1465,230.148
244,414.336,972.414,385.912,148,0,1466,230.511
244,413.639,972.688,386.077,147,0,1467,230.914
229,413.611,973.104,386.645,146,0,1468,231.519
234,417.205,973.304,386.39,145,0,1469,231.143
232,408.629,973.347,385.365,144,0,1470,229.473
218,404.505,973.646,385.442,143,0,1471,230.109
221,401.851,974.252,384.917,142,0,1472,230.122
208,394.976,975.447,384.604,141,0,1473,230.427
208,398.601,977.699,384.285,140,0,1474,231.588
213,401.282,979.13,384.128,139,0,1475,232.182
209,391.531,979.194,382.87,138,0,1476,231.938
211,389.787,979.597,383.879,137,0,1477,232.422
218,382.546,980.631,384.578,136,0,1478,231.63
189,375.354,981.431,384.864,135,0,1479,231.786
400,367.902,984.126,399.031,134,0,1480,231.37
381,373.958,984.24,399.65,133,0,1481,232.087
366,373.546,984.852,399.695,132,0,1482,230.757
355,373.344,985.002,400.009,131,0,1483,230.135
343,369.592,985.481,399.735,130,0,1484,230.411
342,368.023,986.207,399.12,129,0,1485,228.805
320,369.2,987.187,398.713,128,0,1486,231.078
312,366.663,986.99,398.467,127,0,1487,231.558
306,365.062,987.576,397.339,126,0,1488,230.377
300,363.637,988.501,396.623,125,0,1489,230.151
285,375.646,988.548,395.787,124,0,1490,229.422
284,367.813,988.891,396.131,123,0,1491,230.48
268,369.896,988.969,395.476,122,0,1492,230.051
264,360.758,990.317,394.948,121,0,1493,230.62
270,364.481,989.578,395.047,120,0,1494,230.922
256,362.438,989.857,394.758,119,0,1495,230.31
244,362.676,989.902,394.278,118,0,1496,228.504
239,364.1,990.191,393.301,117,0,1497,229.55
238,363.618,990.624,393.226,116,0,1498,228.958
236,359.178,991.074,393.027,115,0,1499,229.746
231,359.398,990.972,392.808,114,0,1500,230.104
221,366.425,989.973,392.889,113,0,1501,229.7
225,369.298,989.777,392.74,112,0,1502,230.527
232,365.336,990.405,392.473,111,0,1503,229.978
228,365.654,990.613,393.147,110,0,1504,230.732
217,357.825,990.36,392.316,109,0,1505,230.003
201,364.662,990.652,392.422,108,0,1506,231.047
196,361.643,990.471,392.668,107,0,1507,232.022
193,362.098,990.44,391.832,106,0,282,231.315
251,449.151,963.065,400.111,149,0,1509,230.148
250,438.488,962.698,400.001,148,0,1510,230.511
230,454.743,962.707,399.659,147,0,1511,230.914
246,452,962.604,399.452,146,0,1512,231.519
238,449.277,962.544,398.962,145,0,1513,231.143
231,440.506,962.27,399.032,144,0,1514,229.473
222,434.131,962.153,398.496,143,0,1515,230.109
220,433.373,962.593,398.323,142,0,1516,230.122
217,437.922,962.525,398.832,141,0,1517,230.427
239,430.31,962.865,397.613,140,0,1518,231.588
214,423.294,962.979,396.388,139,0,1519,232.182
210,415.438,962.244,395.407,138,0,1520,231.938
203,413.32,962.132,394.889,137,0,1521,232.422
205,422.912,962.49,394.283,136,0,1522,231.63
196,423.311,961.936,393.876,135,0,1523,231.786
188,423.399,962.244,394.042,134,0,1524,231.37
178,414.91,961.58,394.729,133,0,1525,232.087
161,418.609,961.891,394.315,132,0,1526,230.757
165,426.236,961.651,394.857,131,0,1527,230.135
160,426.956,961.395,394.098,130,0,1528,230.411
162,406.21,961.52,394.538,129,0,1529,228.805
418,381.031,959.962,410.668,128,0,1530,231.078
432,372.162,960.296,411.615,127,0,1531,231.558
414,387.377,960.986,410.899,126,0,1532,230.377
389,375.288,961.645,409.697,125,0,1533,230.151
403,377.628,961.573,408.78,124,0,1534,229.422
399,369.744,961.856,409.198,123,0,1535,230.48
387,368.351,961.816,408.417,122,0,1536,230.051
392,374.344,962.731,406.928,121,0,1537,230.62
373,377.327,961.789,406.463,120,0,1538,230.922
354,371.446,961.944,406.245,119,0,1539,230.31
361,365.942,962.135,405.306,118,0,1540,228.504
356,367.624,962.178,405.286,117,0,1541,229.55
356,361.368,962.703,404.875,116,0,1542,228.958
350,360.586,963.302,404.836,115,0,1543,229.746
336,352.679,963.162,404.99,114,0,1544,230.104
324,364.127,963.399,404.526,113,0,1545,229.7
314,369,964.153,404.144,112,0,1546,230.527
295,364.003,964.386,402.84,111,0,1547,229.978
305,360.262,965.389,402.37,110,0,1548,230.732
282,360.465,965.62,401.521,109,0,1549,230.003
571,368.951,955.659,384.121,108,0,1550,231.047
587,359.845,956.093,384.958,107,0,1551,232.022
566,360.385,955.961,383.943,106,0,1552,231.315
544,364.739,956.287,384.21,105,0,1553,232.279
525,358.065,956.979,385.472,104,0,1554,230.301
516,361.297,956.826,385.809,103,0,1555,231.942
491,358.945,956.967,386.145,102,0,1556,231.647
471,361.512,957.473,386.907,101,0,1557,230.11
458,360.544,956.875,386.858,100,0,1558,230.788
439,366.355,956.839,387.235,99,0,1559,231.275
448,356.453,956.266,387.15,98,0,1560,232.157
436,355.711,956.56,387.612,97,0,1561,231.663
433,354.33,957.237,388.592,96,0,1562,232.634
421,355.226,958.164,389.187,95,0,1563,232.778
424,354.894,959.507,389.911,94,0,1564,233.756
397,353.355,959.954,390.008,93,0,1565,234.227
390,349.118,961.296,390.734,92,0,1566,234.894
385,363.127,962.087,391.209,91,0,1567,233.783
372,363.667,962.949,391.585,90,0,1568,232.452
371,357.515,963.663,391.748,89,0,1569,233.627
365,352.181,963.852,392.064,88,0,1570,233.288
377,358.286,964.423,392.398,87,0,1571,234.27
358,357.765,964.25,392.186,86,0,1572,234.706
371,349.154,964.228,392.482,85,0,1573,234.53
358,344.352,964.614,393.457,84,0,1574,234.54
352,345.901,965.176,393.752,83,0,1575,235.225
342,338.766,964.829,393.799,82,0,1576,233.512
327,343.049,965.203,394.075,81,0,1577,235.183
333,336.465,965.43,394.219,80,0,1578,235.499
321,338.187,965.852,394.646,79,0,1579,236.057
298,337.842,965.847,394.862,78,0,1580,236.142
293,333.594,966.182,395.375,77,0,1581,235.604
288,338.851,966.612,395.309,76,0,1582,235.842
285,332.33,967.287,395.512,75,0,1583,236.116
262,333.378,966.974,395.704,74,0,1584,236.587
267,333.985,967.512,396.066,73,0,1585,235.813
463,344.06,980.253,401.914,72,0,1586,237.115
459,333.209,980.247,400.416,71,0,1587,235.671
454,333.91,981.485,400.261,70,0,1588,236.195
439,326.387,982.071,399.273,69,0,1589,238.218
421,333.473,983.301,398.741,68,0,1590,237.222
437,333.137,983.928,397.417,67,0,1591,238.408
403,323.519,984.731,397.61,66,0,1592,237.445
402,325.923,985.253,397.302,65,0,1593,238.183
392,326.247,985.252,396.133,64,0,1594,239.772
382,332.77,985.527,394.969,63,0,1595,239.452
391,331.015,985.713,394.85,62,0,1596,240.534
372,340.699,986.419,395.038,61,0,1597,241.372
358,327.849,987.106,394.366,60,0,1598,242.224
336,331.869,987.826,394.842,59,0,1599,242.88
344,328.753,988.359,393.979,58,0,1600,243.847
333,334.411,988.369,393.118,57,0,1601,243.691
316,333.025,988.592,392.737,56,0,1602,244.254
332,326.94,988.354,390.975,55,0,1603,245.675
315,334.283,988.344,389.365,54,0,1604,244.301
302,324.689,988.398,388.174,53,0,1605,242.877
291,323.629,988.409,386.042,52,0,1606,243.716
285,320.912,988.765,384.209,51,0,1607,243.248
280,320.739,989.143,382.266,50,0,1608,245.202
265,329.491,989.423,380.558,49,0,492,245.21
358,381.274,944.987,435.163,149,0,1610,230.148
339,384.841,944.834,434.775,148,0,1611,230.511
332,383.75,945.742,434.433,147,0,1612,230.914
326,384.009,945.776,433.999,146,0,1613,231.519
330,380.273,946.04,434.059,145,0,1614,231.143
323,379.034,946.508,433.676,144,0,1615,229.473
312,379.276,946.503,433.989,143,0,1616,230.109
307,377.358,947.078,433.956,142,0,1617,230.122
313,376.208,947.584,433.451,141,0,1618,230.427
303,380.591,948.282,432.35,140,0,1619,231.588
298,372.936,948.605,432.086,139,0,1620,232.182
294,373.452,949.206,431.126,138,0,1621,231.938
277,378.3,949.558,429.487,137,0,1622,232.422
269,373.584,950.219,428.168,136,0,1623,231.63
275,368.127,951.434,426.858,135,0,1624,231.786
272,367.695,952.603,426.015,134,0,1625,231.37
257,372.883,953.586,424.78,133,0,1626,232.087
248,373.177,956.485,424.419,132,0,1627,230.757
247,369.13,957.277,423.914,131,0,1628,230.135
259,364.039,957.492,423.805,130,0,1629,230.411
250,361.956,958.425,422.788,129,0,1529,228.805
289,406.242,960.612,435.418,149,0,1631,230.148
289,406.941,960.178,434.999,148,0,1632,230.511
275,404.985,961.298,433.62,147,0,1633,230.914
283,410.3,961.031,433.566,146,0,1634,231.519
264,412.53,962.115,431.65,145,0,1635,231.143
261,412.015,963.323,429.225,144,0,1636,229.473
257,417.019,963.267,428.551,143,0,1637,230.109
254,408.465,963.883,427.312,142,0,1638,230.122
257,422.358,964.652,427.011,141,0,1639,230.427
255,416.02,965.885,427.353,140,0,1640,231.588
257,420.549,967.3,419.618,139,0,1641,232.182
260,422.246,968.898,415.346,138,0,1642,231.938
247,415.911,969.182,414.588,137,0,1643,232.422
225,423.476,969.983,413.431,136,0,1644,231.63
231,419.264,971.184,412.163,135,0,1645,231.786
230,404.917,972.158,410.901,134,0,1646,231.37
204,415.73,972.259,410.741,133,0,1647,232.087
186,415.409,973.164,411.528,132,0,1648,230.757
185,417.195,973.316,412.736,131,0,1649,230.135
187,410.925,974.262,410.907,130,0,1650,230.411
193,403.487,974.813,407.188,129,0,1651,228.805
168,413.405,975.446,404.828,128,0,756,231.078
291,384.12,964.449,448.267,149,0,1653,230.148
298,390.913,964.472,447.83,148,0,1654,230.511
282,388.851,964.74,447.664,147,0,1655,230.914
280,382.346,965.839,446.043,146,0,1656,231.519
291,377.247,965.35,446.67,145,0,1657,231.143
281,376.025,965.499,446.268,144,0,1658,229.473
284,378.137,965.968,445.442,143,0,1659,230.109
285,376.782,966.134,445.83,142,0,1660,230.122
284,378.366,965.67,446.39,141,0,1661,230.427
263,382.787,966.743,445.296,140,0,1662,231.588
297,370.747,966.696,444.352,139,0,1663,232.182
289,373.567,965.861,442.242,138,0,1664,231.938
279,373.086,966.255,441.001,137,0,1665,232.422
259,380.88,966.812,439.363,136,0,1666,231.63
255,373.384,967.832,438.303,135,0,1667,231.786
254,375.035,969.848,437.093,134,0,1668,231.37
238,372.118,970.907,436.634,133,0,1669,232.087
491,376.283,987.332,434.987,132,0,1670,230.757
471,370.588,988.144,435.181,131,0,1671,230.135
464,367.881,989.413,433.94,130,0,1672,230.411
449,368.886,989.888,432.819,129,0,1673,228.805
416,372.8,991.649,430.136,128,0,1674,231.078
396,366.98,992.544,429.266,127,0,1675,231.558
390,369.413,991.889,428.107,126,0,1676,230.377
375,368.733,991.946,426.178,125,0,1677,230.151
372,369.651,992.074,424.985,124,0,1678,229.422
360,364.744,991.774,424.38,123,0,1679,230.48
337,358.573,990.93,423.325,122,0,1680,230.051
340,358.512,991.546,422.029,121,0,1681,230.62
333,360.907,990.941,422.259,120,0,1682,230.922
326,357.997,990.127,421.343,119,0,1683,230.31
316,348.544,989.567,419.992,118,0,1684,228.504
308,355.227,989.421,419.045,117,0,1685,229.55
290,352.031,988.844,417.674,116,0,1686,228.958
279,347.964,989.588,417.348,115,0,1687,229.746
290,350.814,988.565,417.06,114,0,1688,230.104
265,354.374,988.61,416.903,113,0,1689,229.7
255,350.137,989.01,417.018,112,0,1690,230.527
273,347.538,989.721,417.45,111,0,1691,229.978
250,347.508,990.518,417.855,110,0,1692,230.732
243,344.551,989.885,417.029,109,0,1693,230.003
537,336.425,1003.203,429.265,108,0,1694,231.047
518,336.863,1003.403,429.418,107,0,1695,232.022
515,332.419,1003.877,429.68,106,0,1696,231.315
513,337.71,1004.343,429.491,105,0,1697,232.279
507,334.487,1004.296,428.996,104,0,1698,230.301
493,337.205,1004.209,429.041,103,0,1699,231.942
495,336.313,1004.254,428.832,102,0,1700,231.647
469,330.382,1003.68,428.125,101,0,1701,230.11
471,330.117,1002.28,427.039,100,0,1702,230.788
458,333.581,1002.042,426.95,99,0,1703,231.275
442,336.529,1001.075,425.891,98,0,1704,232.157
423,337.033,1000.844,425.421,97,0,1705,231.663
413,344.305,999.862,423.644,96,0,1706,232.634
407,338.383,1000.508,423.753,95,0,1707,232.778
391,346.821,1000.06,422.314,94,0,1708,233.756
343,340.668,1000.225,420.956,93,0,1709,234.227
353,339.38,999.914,419.653,92,0,1710,234.894
346,346.416,1000.283,419.245,91,0,1711,233.783
336,335.509,1000.136,418.058,90,0,1712,232.452
322,340.978,999.984,417.627,89,0,1713,233.627
317,344.789,999.81,417.401,88,0,1714,233.288
320,339.206,1000.547,417.929,87,0,1715,234.27
323,336.65,1000.149,417.75,86,0,1716,234.706
320,340.512,1000.062,417.672,85,0,1717,234.53
315,337.625,999.294,417.916,84,0,1718,234.54
295,336.549,999.169,417.397,83,0,1719,235.225
301,338.362,998.151,417.402,82,0,1720,233.512
285,336.642,998.036,415.857,81,0,1721,235.183
282,332.702,998.288,416.096,80,0,1722,235.499
271,339.41,997.796,415.256,79,0,1723,236.057
271,332.339,996.722,414.493,78,0,1724,236.142
267,331.715,997.003,414.322,77,0,1725,235.604
240,334.612,996.055,412.893,76,0,1726,235.842
224,331.786,996.304,412.653,75,0,1727,236.116
232,343.328,995.036,412.363,74,0,1728,236.587
213,334.568,994.459,411.499,73,0,1585,235.813
363,375.708,994.349,445.494,149,0,1730,230.148
364,380.519,994.44,444.082,148,0,1731,230.511
349,386.493,995.065,442.66,147,0,1732,230.914
336,393.092,995.958,441.036,146,0,1733,231.519
326,380.448,996.526,439.573,145,0,1734,231.143
305,381.233,996.889,438.329,144,0,1735,229.473
295,392.231,997.122,437.217,143,0,1736,230.109
298,381.523,997.681,436.801,142,0,1737,230.122
291,390.292,998.144,436.336,141,0,1738,230.427
280,392.157,998.923,435.789,140,0,1739,231.588
273,384.249,1000.416,435.379,139,0,1740,232.182
271,390.963,1000.165,435.462,138,0,1741,231.938
269,384.442,1000.86,434.827,137,0,1742,232.422
260,383.85,1000.817,433.674,136,0,1743,231.63
239,387.134,1000.934,433.096,135,0,1744,231.786
251,382.116,1001.892,433.262,134,0,1745,231.37
245,386.269,1001.518,432.771,133,0,1669,232.087
288,386.205,989.555,420.044,149,0,1747,230.148
276,381.072,989.16,419.549,148,0,1748,230.511
254,376.854,989.002,418.71,147,0,1749,230.914
248,386.657,988.475,417.85,146,0,1750,231.519
235,378.294,988.486,417.366,145,0,1751,231.143
233,378,988.209,416.837,144,0,1752,229.473
229,384.437,987.703,416.427,143,0,1753,230.109
224,382.674,986.641,415.557,142,0,1754,230.122
218,378.596,986.596,415.623,141,0,1755,230.427
222,377.743,986.836,415.062,140,0,1756,231.588
221,382.389,987.216,415.307,139,0,1757,232.182
202,378.713,987.127,415.08,138,0,1758,231.938
215,372.437,985.83,414.201,137,0,1759,232.422
207,363.087,985.834,414.259,136,0,1760,231.63
208,368.716,985.862,412.936,135,0,1479,231.786
312,384.962,1029.904,433.107,149,0,1762,230.148
317,385.013,1029.664,432.749,148,0,1763,230.511
320,378.734,1029.709,432.666,147,0,1764,230.914
316,382.199,1029.486,431.911,146,0,1765,231.519
320,374.462,1029.654,432.274,145,0,1766,231.143
306,368.026,1029.35,432.067,144,0,1767,229.473
299,373.415,1029.59,432.111,143,0,1768,230.109
292,371.079,1029.483,432.02,142,0,1769,230.122
282,373.465,1029.423,432.056,141,0,1770,230.427
292,372.788,1029.861,432.005,140,0,1771,231.588
282,366.493,1029.781,431.296,139,0,1772,232.182
267,372.861,1028.634,430.785,138,0,1773,231.938
259,368.703,1028.603,431.525,137,0,1774,232.422
265,367.796,1028.559,431.414,136,0,1775,231.63
256,370.328,1028.553,430.818,135,0,1776,231.786
253,371.308,1028.868,430.582,134,0,1777,231.37
241,381.672,1028.359,430.51,133,0,1778,232.087
228,371.504,1028.684,430.811,132,0,1779,230.757
222,373.117,1028,431.037,131,0,1780,230.135
214,371.673,1027.922,430.737,130,0,1781,230.411
208,366.25,1027.698,429.915,129,0,1371,228.805
329,402.471,1052.049,445.875,149,0,1783,230.148
308,402.938,1052.485,446.469,148,0,1784,230.511
303,414.686,1052.698,446.6,147,0,1785,230.914
294,401.075,1052.598,446.637,146,0,1786,231.519
288,400.205,1052.952,446.992,145,0,1787,231.143
290,395.738,1052.595,446.968,144,0,1788,229.473
282,400.262,1052.253,446.932,143,0,1789,230.109
282,396.433,1052.094,446.94,142,0,1790,230.122
283,395.032,1052.106,446.712,141,0,1791,230.427
282,391.206,1052.7,446.774,140,0,1792,231.588
293,382,1052.507,446.803,139,0,1793,232.182
307,377.717,1051.742,447.173,138,0,1794,231.938
303,371.637,1050.963,447.572,137,0,1795,232.422
291,366.718,1050.623,447.419,136,0,1796,231.63
280,368.164,1049.198,446.84,135,0,1797,231.786
269,371.283,1048.97,447.169,134,0,1798,231.37
261,372.241,1048.258,447.552,133,0,1799,232.087
256,364.055,1048.638,447.469,132,0,1800,230.757
250,364.36,1048.261,446.661,131,0,1801,230.135
249,359.775,1048.234,447.162,130,0,1802,230.411
227,358.198,1048.275,445.89,129,0,1803,228.805
211,361.261,1048.415,445.679,128,0,1804,231.078
216,358.218,1047.598,445.657,127,0,1805,231.558
213,359.418,1047.948,445.763,126,0,1806,230.377
212,355.854,1047.858,444.266,125,0,1807,230.151
202,353.099,1047.67,444.274,124,0,1808,229.422
182,348.071,1047.429,444.485,123,0,1809,230.48
176,348.426,1046.824,444.268,122,0,1810,230.051
176,348.256,1047.388,443.646,121,0,1811,230.62
168,348.036,1046.064,443.852,120,0,1812,230.922
427,327.85,1053.654,457.491,119,0,1813,230.31
402,323.856,1052.918,456.375,118,0,1814,228.504
411,325.759,1052.654,455.705,117,0,1815,229.55
414,318.123,1053.201,455.809,116,0,1816,228.958
387,318.171,1052.263,453.798,115,0,1817,229.746
381,318.963,1051.393,453.662,114,0,1818,230.104
364,322.615,1050.545,453.276,113,0,1819,229.7
366,318.863,1050.332,453.465,112,0,1820,230.527
343,316.81,1049.679,452.857,111,0,1821,229.978
340,321.191,1049.546,452.401,110,0,1822,230.732
335,322.14,1049.073,452.084,109,0,1823,230.003
324,315.59,1048.783,451.669,108,0,1824,231.047
315,313.657,1048.404,451.675,107,0,1825,232.022
314,313.634,1048.27,451.49,106,0,1826,231.315
302,309.222,1048.204,451.476,105,0,1827,232.279
302,308.483,1047.967,451.077,104,0,1828,230.301
292,307.743,1047.021,450.847,103,0,1829,231.942
292,306.353,1046.11,449.947,102,0,1830,231.647
284,305.028,1045.162,449.55,101,0,1399,230.11
172,419.413,1040.336,407.708,149,0,1832,230.148
170,421.471,1040.195,408.845,148,0,1833,230.511
352,425.261,1048.773,421.398,147,0,1834,230.914
345,422.919,1048.593,422.189,146,0,1835,231.519
334,413.213,1048.265,421.942,145,0,1836,231.143
322,411.071,1048.035,422.127,144,0,1837,229.473
312,413.683,1047.824,422.324,143,0,1838,230.109
304,408.072,1047.541,422.442,142,0,1839,230.122
296,410.432,1046.972,421.89,141,0,1840,230.427
289,408.886,1047.096,421.677,140,0,1841,231.588
284,407.352,1047.626,421.731,139,0,1842,232.182
279,410.67,1046.605,421.784,138,0,1843,231.938
288,394.771,1046.301,421.967,137,0,1844,232.422
274,394.489,1045.502,421.218,136,0,1845,231.63
261,399.782,1044.563,420.492,135,0,1846,231.786
260,389.3,1044.661,420.303,134,0,1847,231.37
255,393.337,1043.273,420.108,133,0,1848,232.087
254,394.657,1042.238,420.033,132,0,1849,230.757
243,392.432,1040.126,419.64,131,0,1850,230.135
249,389.016,1039.334,419.514,130,0,1851,230.411
240,388.467,1040.106,419.311,129,0,1852,228.805
230,394.513,1041.204,419.638,128,0,1853,231.078
235,394.387,1040.447,420.062,127,0,1854,231.558
245,384.629,1040.503,420.282,126,0,1855,230.377
226,385.04,1040.221,419.805,125,0,1856,230.151
228,382.61,1040.055,420.049,124,0,1857,229.422
229,382.537,1039.342,420.391,123,0,1858,230.48
212,375.184,1038.249,419.769,122,0,1859,230.051
207,376.536,1038.836,419.178,121,0,1860,230.62
208,377.236,1037.827,420.307,120,0,1861,230.922
200,373.94,1036.75,419.614,119,0,1862,230.31
192,378.734,1036.297,419.614,118,0,1863,228.504
192,377.505,1036.339,419.688,117,0,1864,229.55
187,372.882,1035.999,419.555,116,0,1865,228.958
194,369.134,1036.336,419.737,115,0,1866,229.746
181,368.254,1035.218,419.47,114,0,1867,230.104
175,379.16,1034.622,419.581,113,0,1868,229.7
175,370.92,1033.223,418.886,112,0,1869,230.527
172,371.552,1032.789,418.327,111,0,1870,229.978
169,373.533,1031.893,417.349,110,0,1314,230.732
174,417.454,1056.788,431.576,149,0,1872,230.148
181,419.84,1056.946,431.718,148,0,1833,230.511
332,393.105,1078.401,469.468,149,0,1874,230.148
324,392.71,1077.785,468.101,148,0,1875,230.511
305,388.223,1077.515,467.395,147,0,1876,230.914
311,394.704,1077.039,466.579,146,0,1877,231.519
312,385.494,1076.544,465.377,145,0,1878,231.143
306,393.879,1075.819,464.489,144,0,1879,229.473
298,392.349,1074.999,463.123,143,0,1880,230.109
293,390.416,1074.549,462.744,142,0,1881,230.122
277,395.444,1074.294,462.703,141,0,1882,230.427
275,388.727,1074.502,462.615,140,0,1883,231.588
271,389.878,1075.231,462.653,139,0,1884,232.182
272,390.96,1074.345,461.638,138,0,1885,231.938
274,390.069,1072.96,460.388,137,0,1886,232.422
293,384.932,1072.28,459.598,136,0,1150,231.63
196,368.194,1078.717,496.019,149,0,1888,230.148
211,372.374,1078.606,495.686,148,0,1889,230.511
210,363.105,1078.211,494.495,147,0,1890,230.914
204,371.078,1077.722,493.51,146,0,1891,231.519
199,363.422,1078.284,492.511,145,0,1892,231.143
177,363.65,1077.594,490.85,144,0,1893,229.473
373,365.901,1065.466,479.9,143,0,1894,230.109
363,372.59,1064.423,479.541,142,0,1895,230.122
340,371.874,1064.672,479.06,141,0,1896,230.427
335,371.09,1065.356,479.406,140,0,1897,231.588
344,372.398,1064.989,479.152,139,0,1898,232.182
346,362.113,1065.331,480.466,138,0,1899,231.938
336,356.342,1064.478,480.418,137,0,1900,232.422
320,358.447,1064.727,480.307,136,0,1901,231.63
336,355.628,1064.931,480.494,135,0,1902,231.786
317,352.243,1065.994,480.782,134,0,1903,231.37
330,348.888,1066.255,480.962,133,0,1904,232.087
315,347.956,1065.839,479.328,132,0,1905,230.757
312,342.596,1065.058,478.584,131,0,1906,230.135
306,335.124,1064.737,478.093,130,0,1907,230.411
301,338.877,1064.185,476.939,129,0,1908,228.805
312,335.929,1064.204,476.515,128,0,1909,231.078
291,332.265,1063.009,476.23,127,0,1910,231.558
285,328.161,1062.493,475.212,126,0,1911,230.377
282,332.39,1061.97,473.747,125,0,1912,230.151
253,332.711,1061.239,472.472,124,0,1913,229.422
265,325.019,1060.569,471.025,123,0,1914,230.48
254,322.445,1060,470.206,122,0,1915,230.051
257,322.86,1060.57,468.825,121,0,1916,230.62
243,320.774,1059.25,468.101,120,0,1812,230.922
216,396.708,1056.709,474.999,149,0,1918,230.148
220,390.273,1056.725,473.823,148,0,1919,230.511
206,384.35,1057.037,473.452,147,0,1920,230.914
201,384.711,1056.665,472.639,146,0,1921,231.519
201,379.891,1057.503,472.622,145,0,1922,231.143
199,377.734,1056.534,472.491,144,0,1893,229.473
277,386.545,1034.801,465.984,149,0,1924,230.148
280,388.279,1034.516,465.417,148,0,1925,230.511
279,384.724,1035.453,464.582,147,0,1926,230.914
262,387.592,1035.306,465.096,146,0,1927,231.519
263,382.418,1035.871,464.93,145,0,1928,231.143
268,382.463,1035.619,465.185,144,0,1929,229.473
260,374.573,1036.136,465.196,143,0,1930,230.109
243,362.498,1036.589,465.211,142,0,1931,230.122
447,374.237,1030.933,476.138,141,0,1932,230.427
447,368.333,1031.709,474.999,140,0,1933,231.588
446,368.357,1032.302,474.378,139,0,1934,232.182
439,368.271,1032.794,474.012,138,0,1935,231.938
418,374.526,1033.761,473.028,137,0,1936,232.422
411,371.365,1034.519,473.274,136,0,1937,231.63
394,372.008,1035.71,472.746,135,0,1938,231.786
371,364.574,1037.26,471.485,134,0,1939,231.37
365,360.91,1037.766,469.491,133,0,1940,232.087
337,363.825,1038.139,468.714,132,0,1941,230.757
349,358.736,1038.066,466.903,131,0,1942,230.135
322,349.807,1038.276,465.72,130,0,1943,230.411
332,355.642,1038.393,464.663,129,0,1944,228.805
301,356.11,1038.818,463.549,128,0,1945,231.078
301,355.419,1038.294,463.306,127,0,1946,231.558
285,353.916,1038.094,462.689,126,0,1947,230.377
280,346.571,1038.144,461.081,125,0,1948,230.151
275,351.927,1038.191,460.916,124,0,1949,229.422
280,339.089,1038.041,461.917,123,0,1950,230.48
264,340.424,1037.932,461.187,122,0,1951,230.051
260,341.915,1038.736,461.143,121,0,1952,230.62
247,346.275,1037.976,461.914,120,0,1953,230.922
250,337.252,1038.081,461.981,119,0,1954,230.31
250,332.836,1038.007,462.283,118,0,1955,228.504
475,329.352,1038.43,476.032,117,0,1956,229.55
483,321.302,1038.794,476.086,116,0,1957,228.958
452,322.697,1039.267,474.93,115,0,1958,229.746
433,321.051,1039.115,475.624,114,0,1959,230.104
412,319.74,1038.84,475.294,113,0,1960,229.7
403,314.362,1038.886,475.392,112,0,1961,230.527
379,313.377,1039.023,474.993,111,0,1962,229.978
388,320.948,1039.299,473.98,110,0,1963,230.732
365,319.274,1039.306,473.87,109,0,1964,230.003
346,311.422,1039.269,473.401,108,0,1965,231.047
355,311.927,1039.035,472.653,107,0,1966,232.022
343,309.242,1039.073,472.309,106,0,1967,231.315
327,314.642,1039.592,472.396,105,0,1968,232.279
332,306.063,1039.483,471.907,104,0,1969,230.301
315,305.635,1039.442,471.481,103,0,1970,231.942
309,306.945,1039.555,470.971,102,0,1971,231.647
300,299.74,1039.456,470.824,101,0,1972,230.11
276,296.725,1039.185,471.696,100,0,1973,230.788
277,294.502,1039.3,471.744,99,0,1974,231.275
286,293.168,1039.4,472.954,98,0,1975,232.157
558,293.116,1039.587,488.941,97,0,1976,231.663
548,290.755,1039.322,488.665,96,0,1977,232.634
532,285.562,1039.769,488.386,95,0,1978,232.778
523,284.715,1039.952,487.295,94,0,1979,233.756
487,281.29,1039.951,486.566,93,0,1980,234.227
474,285.306,1040.268,486.188,92,0,1981,234.894
471,278.688,1040.759,485.648,91,0,1982,233.783
452,279.98,1041.185,484.347,90,0,1983,232.452
452,281.743,1041.206,483.974,89,0,1984,233.627
421,272.677,1041.22,482.235,88,0,1985,233.288
439,276.415,1041.349,481.95,87,0,1986,234.27
413,279.274,1041.517,481.376,86,0,1987,234.706
411,279.178,1041.117,480.382,85,0,1988,234.53
409,277.606,1041.116,480.585,84,0,1989,234.54
397,275.486,1041.209,479.635,83,0,1990,235.225
372,271.142,1041.262,477.881,82,0,1991,233.512
356,273.079,1041.089,476.861,81,0,1992,235.183
347,273.282,1040.997,474.88,80,0,1420,235.499
344,371.128,1015.64,462.363,149,0,1994,230.148
319,377.451,1015.247,460.799,148,0,1995,230.511
303,371.736,1015.361,459.69,147,0,1996,230.914
307,378.967,1015.401,459.752,146,0,1997,231.519
306,375.833,1015.73,458.752,145,0,1998,231.143
301,370.854,1015.685,458.479,144,0,1999,229.473
291,368.192,1015.745,458.135,143,0,2000,230.109
284,371.102,1015.769,456.924,142,0,2001,230.122
270,367.574,1015.653,456.638,141,0,2002,230.427
266,371.793,1016.133,456.537,140,0,2003,231.588
278,361.122,1016.12,456.038,139,0,2004,232.182
260,369.665,1015.532,455.981,138,0,2005,231.938
261,367.64,1015.158,455.646,137,0,2006,232.422
237,372.093,1015.075,454.375,136,0,2007,231.63
246,366.841,1014.976,453.526,135,0,2008,231.786
248,367.657,1014.936,453.464,134,0,2009,231.37
235,357.889,1014.425,453.028,133,0,2010,232.087
245,351.4,1014.769,453.146,132,0,2011,230.757
249,351.237,1014.541,453.799,131,0,2012,230.135
248,352.077,1014.487,453.6,130,0,2013,230.411
226,356.584,1014.885,452.785,129,0,2014,228.805
224,355.054,1015.538,452.313,128,0,2015,231.078
220,347.068,1015.168,453.035,127,0,2016,231.558
458,339.114,1012.879,464.038,126,0,2017,230.377
469,333.217,1012.662,463.898,125,0,2018,230.151
448,337.415,1013.611,461.639,124,0,2019,229.422
432,336.512,1013.818,459.544,123,0,2020,230.48
415,335.359,1014.017,458.313,122,0,2021,230.051
409,330.056,1015.616,456.738,121,0,2022,230.62
393,331.997,1015.809,455.931,120,0,2023,230.922
371,335.566,1015.915,454.43,119,0,2238,230.31
345,347.232,990.387,496.247,149,0,2025,230.148
345,348.652,994.952,493.816,148,0,2026,230.511
305,350.574,1000.537,493.398,147,0,2027,230.914
287,357.777,1002.04,492.97,146,0,2028,231.519
282,349.748,1003.743,491.632,145,0,2029,231.143
284,349.011,1004.588,491.478,144,0,2030,229.473
264,344.663,1007.353,490.73,143,0,2031,230.109
260,353.915,1008.438,490.129,142,0,2032,230.122
278,343.349,1008.558,490.619,141,0,2033,230.427
258,350.702,1009.112,490.226,140,0,2034,231.588
280,342.011,1009.124,489.908,139,0,2035,232.182
281,343.381,1009.606,489.78,138,0,2036,231.938
263,344.202,1011.876,487.291,137,0,2037,232.422
276,338.594,1011.213,485.377,136,0,2038,231.63
266,333.267,1011.575,485.883,135,0,2039,231.786
281,330.626,1011.767,485.951,134,0,2040,231.37
267,341.393,1011.357,486.471,133,0,2041,232.087
280,331.375,1011.636,486.233,132,0,2042,230.757
276,328.511,1011.079,487.21,131,0,2043,230.135
267,325.906,1011.264,487.081,130,0,2044,230.411
242,325.029,1009.85,480.318,129,0,2045,228.805
233,326.631,1009.869,479.058,128,0,2046,231.078
218,326.853,1009.349,478.908,127,0,2016,231.558
263,378.776,1018.682,493.645,149,0,2048,230.148
262,377.943,1018.68,493.691,148,0,2049,230.511
243,378.235,1019.209,493.636,147,0,2050,230.914
242,378.665,1019.337,493.499,146,0,2051,231.519
239,376.828,1019.533,493.977,145,0,2052,231.143
229,371.672,1019.934,493.788,144,0,2053,229.473
207,364.696,1020.46,493.082,143,0,2054,230.109
209,374.66,1021.463,492.025,142,0,1931,230.122
244,373.967,1044.23,491.97,149,0,2056,230.148
236,372.758,1045.144,492.167,148,0,2057,230.511
237,365.338,1046.491,492.332,147,0,2058,230.914
234,358.85,1047.654,492.211,146,0,2059,231.519
231,355.004,1048.102,492.626,145,0,2060,231.143
227,350.339,1047.947,492.978,144,0,2061,229.473
209,345.263,1049,492.841,143,0,2062,230.109
220,364.282,1049.325,493.095,142,0,2063,230.122
416,354.438,1038.533,499.271,141,0,2064,230.427
409,358.526,1039.7,498.579,140,0,2065,231.588
406,356.567,1038.884,499.05,139,0,2066,232.182
395,349.266,1038.325,499.936,138,0,2067,231.938
386,349.547,1038.351,500.538,137,0,2068,232.422
366,351.623,1038.084,500.546,136,0,2069,231.63
362,354.055,1037.921,500.935,135,0,2070,231.786
353,356.394,1037.905,501.035,134,0,2071,231.37
350,344.986,1037.545,500.32,133,0,2072,232.087
333,348.601,1037.829,499.058,132,0,2073,230.757
325,352.132,1037.144,498.716,131,0,2074,230.135
322,347.233,1037.39,498.717,130,0,2075,230.411
316,339.269,1037.308,498.167,129,0,2076,228.805
311,345.662,1038.159,498.162,128,0,2077,231.078
293,339.734,1038.099,498.18,127,0,2078,231.558
289,337.491,1038.108,497.28,126,0,2079,230.377
291,334.131,1038.266,495.724,125,0,2080,230.151
284,335.021,1038.566,494.642,124,0,2081,229.422
273,333.414,1038.568,494.918,123,0,2082,230.48
278,322.91,1038.639,493.528,122,0,2083,230.051
262,328.038,1039.779,492.617,121,0,2084,230.62
253,334.474,1038.763,492.55,120,0,2085,230.922
243,332.066,1038.305,491.719,119,0,2086,230.31
246,321.756,1038.469,490.849,118,0,1955,228.504
307,343.713,1057.571,508.338,149,0,2088,230.148
293,349.147,1057.565,507.086,148,0,2089,230.511
291,345.186,1057.19,508.185,147,0,2090,230.914
297,341.943,1056.866,508.226,146,0,2091,231.519
278,337.112,1057.119,508.379,145,0,2092,231.143
283,332.866,1057.457,507.809,144,0,2093,229.473
252,335.806,1058.309,507.316,143,0,2094,230.109
251,328.785,1058.387,506.971,142,0,2095,230.122
530,322.836,1053.004,521.475,141,0,2096,230.427
515,317.544,1053.639,520.782,140,0,2097,231.588
509,321.002,1054.189,519.899,139,0,2098,232.182
470,320.772,1053.769,518.951,138,0,2099,231.938
459,319.028,1053.096,517.961,137,0,2100,232.422
438,321.005,1052.687,516.03,136,0,2101,231.63
423,323.981,1052.668,515.146,135,0,2102,231.786
418,318.388,1053.433,514.285,134,0,2103,231.37
404,324.488,1053.651,513.224,133,0,2104,232.087
378,323.394,1053.495,511.813,132,0,2105,230.757
377,318.337,1052.757,509.985,131,0,2106,230.135
343,321.892,1052.703,508.196,130,0,2107,230.411
327,318.015,1052.521,506.077,129,0,2108,228.805
306,319.373,1052.227,505.321,128,0,2109,231.078
292,326.233,1050.929,504.609,127,0,2110,231.558
288,321.08,1051.363,503.856,126,0,2111,230.377
289,315.356,1052.023,503.108,125,0,2112,230.151
285,322.368,1051.632,503.062,124,0,2113,229.422
285,313.077,1051.081,503.588,123,0,2114,230.48
287,308.777,1051.203,503.769,122,0,2115,230.051
288,305.427,1051.861,503.525,121,0,2116,230.62
275,303.509,1050.473,504.67,120,0,2117,230.922
260,305.923,1050.397,505.247,119,0,2118,230.31
261,298.54,1050.242,505.517,118,0,2119,228.504
247,298.352,1050.664,505.252,117,0,2120,229.55
245,301.649,1050.844,505.541,116,0,2121,228.958
510,293.582,1037.596,512.64,115,0,2122,229.746
484,289.448,1036.225,512.687,114,0,2123,230.104
468,291.502,1035.001,512.034,113,0,2124,229.7
465,291.071,1034.814,511.649,112,0,2125,230.527
459,281.085,1035.062,511.834,111,0,2126,229.978
451,290.359,1035.285,512.039,110,0,2127,230.732
427,283.707,1035.87,512.582,109,0,2128,230.003
425,283.48,1036.415,512.463,108,0,2129,231.047
409,287.78,1036.525,512.548,107,0,2130,232.022
418,283.222,1037.4,512.135,106,0,2131,231.315
371,288.059,1037.488,512.386,105,0,2132,232.279
374,278.12,1038.017,512.193,104,0,2133,230.301
369,285.098,1038.25,510.655,103,0,2134,231.942
351,283.937,1038.489,509.616,102,0,2135,231.647
349,279.765,1038.871,508.544,101,0,2136,230.11
326,283.258,1038.822,506.916,100,0,2137,230.788
318,284.987,1038.972,506.59,99,0,2138,231.275
287,282.47,1039.289,505.968,98,0,1975,232.157
332,321.877,1042.475,544.733,149,0,2140,230.148
338,319.358,1042.048,544.199,148,0,2141,230.511
342,318.845,1042.019,544.266,147,0,2142,230.914
318,308.45,1042.059,543.467,146,0,2143,231.519
313,308.994,1042.652,542.004,145,0,2144,231.143
319,300.555,1043.876,540.672,144,0,2145,229.473
303,301.168,1045.213,538.671,143,0,2146,230.109
293,304.666,1046.017,537.902,142,0,2095,230.122
244,364.508,1018.136,511.645,149,0,2148,230.148
239,353.038,1018.066,511.812,148,0,2149,230.511
231,370.1,1018.651,511.313,147,0,2150,230.914
223,361.587,1019.846,510.661,146,0,2151,231.519
219,356.475,1020.903,510.857,145,0,2152,231.143
207,362.295,1021.85,510.325,144,0,2153,229.473
212,351.745,1023.055,509.469,143,0,2154,230.109
205,348.624,1024.788,508.392,142,0,2063,230.122
310,327.971,1035.295,520.561,149,0,2156,230.148
299,323.766,1034.19,520.69,148,0,2157,230.511
295,331.366,1033.401,520.382,147,0,2158,230.914
268,324.787,1032.27,520.066,146,0,2159,231.519
264,321.686,1031.918,520.314,145,0,2160,231.143
270,316.593,1030.777,520.905,144,0,2161,229.473
247,319.745,1030.932,520.459,143,0,2162,230.109
241,317.743,1030.988,520.344,142,0,2163,230.122
229,318.598,1030.852,518.552,141,0,2164,230.427
564,303.236,1010.708,522.692,140,0,2165,231.588
550,305.453,1012.189,522.519,139,0,2166,232.182
528,301.862,1011.904,522.812,138,0,2167,231.938
508,305.524,1011.831,523.109,137,0,2168,232.422
496,300.145,1011.365,522.907,136,0,2169,231.63
469,300.919,1011.509,523.118,135,0,2170,231.786
451,297.146,1013.395,522.6,134,0,2171,231.37
420,302.974,1015.737,521.976,133,0,2172,232.087
416,302.264,1018.107,522.524,132,0,2173,230.757
405,298.02,1018.527,523.236,131,0,2174,230.135
387,301.827,1018.42,524.649,130,0,2175,230.411
384,297.284,1018.575,525.002,129,0,2176,228.805
375,294.733,1019.002,525.922,128,0,2177,231.078
366,292.145,1018.692,526.579,127,0,2178,231.558
365,296.975,1017.998,527.306,126,0,2179,230.377
373,295.062,1018.096,526.968,125,0,2180,230.151
352,292.364,1019.562,526.272,124,0,2181,229.422
336,293.351,1019.829,526.652,123,0,2182,230.48
331,295.012,1020.532,526.293,122,0,2183,230.051
334,287.922,1022.454,525.171,121,0,2184,230.62
311,293.695,1021.91,525.37,120,0,2185,230.922
280,282.471,1022.526,524.785,119,0,2186,230.31
301,279.03,1021.797,524.863,118,0,2187,228.504
269,285.967,1022.708,522.229,117,0,2188,229.55
258,285.764,1024.338,521.255,116,0,2121,228.958
401,299.429,996.816,527.006,149,0,2190,230.148
392,306.013,996.003,527.033,148,0,2191,230.511
367,299.431,995.895,527.268,147,0,2192,230.914
362,305.365,994.853,527.076,146,0,2193,231.519
357,307.479,994.777,527.131,145,0,2194,231.143
359,298.967,994.294,527.252,144,0,2195,229.473
345,296.023,993.757,527.149,143,0,2196,230.109
345,292.696,994.245,527.192,142,0,2197,230.122
335,288.94,994.768,526.535,141,0,2164,230.427
221,385.027,933.666,377.331,149,0,2199,230.148
455,380.462,938.125,391.996,148,0,2200,230.511
449,379.506,939.201,391.309,147,0,2201,230.914
429,382.159,939.906,390.572,146,0,2202,231.519
416,379.274,940.869,390.017,145,0,2203,231.143
398,377.317,941.441,389.588,144,0,2204,229.473
386,381.723,941.619,387.8,143,0,2205,230.109
366,378.809,942.613,387.743,142,0,2206,230.122
368,376.049,943.278,387.406,141,0,2207,230.427
360,380.342,943.674,387.033,140,0,2208,231.588
340,386.382,944.226,387.14,139,0,2209,232.182
348,382.67,943.304,386.975,138,0,2210,231.938
339,382.227,943.476,387.168,137,0,2211,232.422
333,385.511,943.931,386.765,136,0,2212,231.63
328,382.287,944.178,387.229,135,0,2213,231.786
305,372.58,944.525,386.333,134,0,2214,231.37
292,375.616,944.119,386.121,133,0,705,232.087
229,380.738,941.889,406.515,149,0,2199,230.148
197,421.416,969.937,353.201,134,0,2217,231.37
207,407.522,968.576,354.536,133,0,2218,232.087
226,403.801,966.7,356.145,132,0,2219,230.757
225,407.916,967.213,358.553,131,0,2220,230.135
221,413.009,968.21,360.28,130,0,2221,230.411
206,417.684,969.443,361.152,129,0,2222,228.805
172,420.75,970.536,362.221,128,0,2223,231.078
178,416.404,969.557,362.442,127,0,414,231.558
446,365.103,939.84,370.786,122,0,2225,230.051
449,363.984,940.762,370.122,121,0,2226,230.62
439,359.239,939.593,370.255,120,0,2227,230.922
429,361.667,939.806,370.354,119,0,2228,230.31
415,360.658,939.74,370.497,118,0,2229,228.504
404,354.131,939.639,369.996,117,0,2230,229.55
379,358.594,940.15,370.123,116,0,2231,228.958
382,351.463,940.81,369.585,115,0,2232,229.746
372,353.556,941.226,369.017,114,0,2233,230.104
360,358.844,941.414,368.221,113,0,2234,229.7
352,354.551,942.157,367.82,112,0,2235,230.527
327,359.771,943.224,365.905,111,0,2236,229.978
302,360.377,944.338,366.844,110,0,2237,230.732
299,364.813,944.853,366.942,109,0,1549,230.003
373,327.681,1015.987,452.706,118,0,2239,228.504
377,330.401,1016.248,450.719,117,0,2240,229.55
355,327.411,1016.433,448.575,116,0,2241,228.958
350,327.094,1016.907,447.403,115,0,2242,229.746
332,331.515,1016.736,446.884,114,0,2243,230.104
313,333.367,1016.275,444.293,113,0,2244,229.7
292,332.709,1016.702,442.999,112,0,2245,230.527
288,330.535,1016.64,442.622,111,0,2246,229.978
274,334.146,1016.426,441.84,110,0,2247,230.732
284,329.866,1014.945,440.56,109,0,1693,230.003
421,304.181,1066.259,426.215,88,0,1049,233.288
280,330.996,1024.877,399.74,88,0,2250,233.288
274,330.142,1024.207,399.687,87,0,2251,234.27
272,326.467,1024.247,399.73,86,0,2252,234.706
258,330.578,1023.184,399.343,85,0,2253,234.53
262,326.412,1024.182,399.862,84,0,2254,234.54
250,324.94,1024.075,399.61,83,0,2255,235.225
245,327.735,1024.226,399.62,82,0,2256,233.512
249,329.293,1023.428,398.957,81,0,2257,235.183
236,331.831,1023.628,398.945,80,0,2258,235.499
231,335.394,1022.783,398.645,79,0,2259,236.057
220,333.677,1021.911,397.989,78,0,2260,236.142
213,322.667,1020.807,397.609,77,0,130,235.604
494,307.34,1025.183,399.51,45,0,2262,247.065
470,311.36,1024.416,399.148,44,0,2263,247.747
454,317.392,1024.02,398.813,43,0,2264,249.64
422,307.588,1023.921,398.823,42,0,2265,250.312
420,313.474,1022.704,398.037,41,0,2266,250.818
405,308.042,1021.836,397.487,40,0,2267,251.521
393,311.962,1020.732,396.645,39,0,2268,251.794
392,314.365,1020.581,396.459,38,0,2269,250.142
373,316.44,1019.245,395.865,37,0,2270,252.502
346,312.24,1017.875,395.045,36,0,2271,255.367
334,314.377,1017.13,394.871,35,0,2272,254.894
316,316.854,1015.499,394.293,34,0,2273,254.222
307,319.707,1015.398,394.318,33,0,2274,255.891
299,314.749,1014.764,393.921,32,0,2275,255.823
303,316.644,1014.213,393.259,31,0,2276,256.084
293,311.631,1013.033,392.664,30,0,2277,257.232
291,319.196,1012.525,392.458,29,0,512,259.961