400,1012.81,515.5,410.441,120,1,110,136.005
269,1219.61,475.076,405.566,120,1,229,136.005
229,1439.323,447.824,423.996,120,1,300,136.005
449,1444.245,421.439,410.766,120,1,309,136.005
596,1194.831,380.619,384.722,120,1,360,136.005
301,881.877,354.384,353.752,120,1,385,136.005
199,1212.357,357.018,385.71,120,1,482,136.005
381,1165.486,344.576,384.14,120,1,487,136.005
434,1052.804,334.464,394.024,120,1,605,136.005
406,1180.884,337.82,438.006,120,1,724,136.005
314,1119.917,329.533,463.888,120,1,736,136.005
342,1106.588,327.99,509.741,120,1,765,136.005
201,1356.781,340.203,509.694,120,1,778,136.005
188,1367.239,340.679,477.31,120,1,828,136.005
262,1465.282,355.549,473.17,120,1,834,136.005
219,1515.11,374.222,454.22,120,1,865,136.005
274,1478.482,352.86,431.998,120,1,923,136.005
266,1373.801,364.857,428.339,120,1,932,136.005
222,1210.09,370.337,395.279,120,1,946,136.005
264,1311.92,386.34,433.975,120,1,971,136.005
301,1593.9,413.022,424.46,120,1,977,136.005
186,1427.446,416.087,436.826,120,1,3226,136.005
256,1413.516,425.594,451.409,120,1,1006,136.005
237,1415.135,452.677,445.669,120,1,3248,136.005
253,1298.024,469.501,423.832,120,1,1049,136.005
252,1322.472,482.526,429.39,120,1,1054,136.005
280,1245.482,520.754,424.977,120,1,1097,136.005
417,950.691,561.061,437.105,120,1,1107,136.005
204,1156.225,558.528,449.832,120,1,1121,136.005
408,1057.145,570.67,460.846,120,1,1175,136.005
365,1320.321,552.33,493.289,120,1,1250,136.005
327,1371.48,563.384,499.73,120,1,1288,136.005
293,1161.433,568.68,516.462,120,1,1306,136.005
161,1508.311,540.446,525.349,120,1,1362,136.005
170,1606.988,516.923,528.873,120,1,1362,136.005
290,1507.272,517.991,514.174,120,1,1452,136.005
202,1361.609,531.815,493.59,120,1,1469,136.005
205,1282.532,536.838,478.185,120,1,1540,136.005
221,1297.588,530.659,464.889,120,1,1619,136.005
247,1277.709,522.61,440.912,120,1,1624,136.005
248,1353.02,505.509,444.768,120,1,1632,136.005
245,1413.808,491.156,451.186,120,1,1659,136.005
270,1431.211,471.557,459.998,120,1,1671,136.005
201,1258.025,500.77,469.091,120,1,1681,136.005
234,1446.397,500.953,483.34,120,1,1721,136.005
170,1396.476,507.072,494.301,120,1,1745,136.005
225,1439.018,494.131,512.488,120,1,1752,136.005
166,1503.114,477.059,506.239,120,1,1767,136.005
240,1479.838,467.187,496.286,120,1,1788,136.005
204,1356.289,465.152,482.712,120,1,1791,136.005
342,1440.696,451.854,470.228,120,1,1798,136.005
289,1434.82,405.704,459.042,120,1,1820,136.005
224,1475.835,393.243,470.43,120,1,1825,136.005
280,1457.8,430.83,482.53,120,1,1856,136.005
162,1483.099,434.913,500.443,120,1,1861,136.005
136,1491.809,412.536,485.458,120,1,1861,136.005
227,1603.692,383.41,487.515,120,1,1913,136.005
258,1635.678,409.156,498.68,120,1,1938,136.005
165,1535.958,424.793,518.651,120,1,1946,136.005
151,1509.318,404.53,535.142,120,1,1965,136.005
179,1483.788,402.602,521.212,120,1,1966,136.005
394,1496.835,376.462,505.31,120,1,2018,136.005
171,1549.076,364.915,483.866,120,1,2051,136.005
388,1190.577,341.933,533.328,120,1,2054,136.005
185,1130.092,343.687,550.877,120,1,2066,136.005
147,1343.449,363.53,525.215,120,1,2110,136.005
358,1407.707,374.782,530.795,120,1,2114,136.005
209,1356.244,383.633,543.972,120,1,1966,136.005
189,1219.302,369.589,567.019,120,1,2233,136.005
211,1274.299,355.997,568.666,120,1,2249,136.005
211,1035.133,344.63,576.978,120,1,2271,136.005
264,928.799,353.936,608.67,120,1,2276,136.005
260,1133.327,366.118,603.334,120,1,2279,136.005
180,1119.272,376.94,597.192,120,1,2280,136.005
178,1309.427,384.695,570.786,120,1,2281,136.005
172,1418.907,403.124,549.983,120,1,2313,136.005
163,1504.638,429.581,534.285,120,1,2314,136.005
171,1490.205,447.112,515.696,120,1,2329,136.005
131,1565.733,455.798,523.744,120,1,2333,136.005
294,1989.694,463.435,534.352,120,1,2335,136.005
217,1597.336,427.887,549.245,120,1,2426,136.005
258,1475.14,399.925,571.504,120,1,2458,136.005
352,1258.784,399.172,595.118,120,1,2462,136.005
302,1023.129,402.005,614.475,120,1,2531,136.005
501,1140.461,421.615,607.425,120,1,2572,136.005
273,1310.374,435.806,574.367,120,1,2615,136.005
321,1530.548,437.098,559.637,120,1,2630,136.005
326,1583.942,470.906,569.658,120,1,2647,136.005
306,2071.327,481.123,553.276,120,1,2687,136.005
249,1578.888,499.367,539.433,120,1,2749,136.005
227,1544.247,507.396,563.254,120,1,2821,136.005
368,1493.992,526.399,560.673,120,1,2836,136.005
195,1351.887,543.821,537.74,120,1,2853,136.005
222,1363.162,546.274,550.675,120,1,3186,136.005
316,1032.997,572.975,569.606,120,1,3219,136.005
202,1161.317,563.104,580.354,120,1,2874,136.005
332,830.991,583.655,611.649,120,1,2924,136.005
249,1188.57,564.555,605.891,120,1,2926,136.005
226,1360.593,545.879,573.955,120,1,2951,136.005
241,1433.718,537.913,595.112,120,1,2954,136.005
334,1074.698,558.549,622.34,120,1,3004,136.005
280,1228.643,533.673,616.704,120,1,3015,136.005
386,1943.935,505.017,580.375,120,1,3057,136.005
293,1520.928,500.358,594.679,120,1,3074,136.005
322,1286.18,504.006,619.9,120,1,3088,136.005
187,1318.144,485.65,603.57,120,1,3104,136.005
213,1385.869,459.19,584.955,120,1,3104,136.005
280,1314.775,466.788,609.207,120,1,3131,136.005
268,1375.377,440.998,601.868,120,1,3172,136.005
383,997.277,514.622,412.386,119,0,111,135.775
361,1001.072,512.478,413.517,118,0,112,134.881
340,1003.55,508.813,415.814,117,0,113,133.999
321,1034.455,505.306,418.616,116,0,114,133.246
296,1045.014,502.344,421.829,115,0,115,133.743
494,1161.123,483.203,429.306,114,0,116,133.234
484,1166.085,483.297,430.793,113,0,117,133.582
487,1170.815,483.052,433.386,112,0,118,132.929
476,1183.269,482.941,435.283,111,0,119,133.745
465,1159.303,482.47,437.076,110,0,120,132.26
435,1190.605,481.318,438.458,109,0,121,132.5
435,1189.234,481.897,439.378,108,0,122,132.239
416,1163.079,481.204,440.417,107,0,123,131.627
420,1155.855,481.014,441.639,106,0,124,131.316
408,1138.809,481.066,442.222,105,0,125,130.895
397,1127.942,481.336,442.537,104,0,126,130.766
382,1116.374,481.16,443.619,103,0,127,129.915
382,1104.529,481.815,444.259,102,0,128,132.184
374,1097.094,481.523,445.27,101,0,129,130.038
369,1108.228,480.087,446.399,100,0,130,129.289
344,1111.549,477.493,447.523,99,0,131,130.639
308,1112.295,475.651,448.73,98,0,132,128.862
553,1168.6,454.253,450.065,97,0,133,128.065
530,1193.487,453.975,451.07,96,0,134,130.748
511,1190.235,451.86,451.245,95,0,135,129.568
504,1179.29,451.453,452.2,94,0,136,128.644
480,1166.717,451.021,452.842,93,0,137,128.283
477,1149.052,451.601,453.843,92,0,138,129.103
470,1130.326,450.899,454.505,91,0,139,127.991
445,1120.542,450.184,454.607,90,0,140,127.423
425,1117.755,449.423,455.178,89,0,141,128.792
412,1102.748,448.738,455.352,88,0,142,127.717
378,1119.537,448.03,455.754,87,0,143,127.719
364,1104.775,446.845,455.606,86,0,144,127.218
354,1119.61,446.34,456.537,85,0,145,127.861
328,1133.088,444.93,456.408,84,0,146,127.961
316,1125.101,444.298,456.883,83,0,147,126.872
291,1156.546,443.878,456.377,82,0,148,126.761
278,1134.68,443.298,456.411,81,0,149,127.74
281,1133.523,442.967,456.802,80,0,150,127.206
273,1124.857,443.191,457.071,79,0,151,125.33
256,1110.281,442.889,457.115,78,0,152,127.455
250,1100.404,442.848,456.988,77,0,153,127.768
567,1048.427,460.098,468.393,76,0,154,126.13
544,1019.912,459.44,468.61,75,0,155,126.794
524,1029.05,459.102,468.979,74,0,156,125.202
500,1020.566,459.217,469.517,73,0,157,126.734
487,1010.624,459.029,469.539,72,0,158,126.031
466,1023.412,458.709,469.729,71,0,159,125.404
448,1023.17,458.093,469.241,70,0,160,125.01
434,1031.484,457.299,468.859,69,0,161,126.367
414,1018.64,456.824,468.747,68,0,162,125.473
414,1012.21,457.382,469.074,67,0,163,125.514
407,994.622,456.486,468.629,66,0,164,125.365
382,1017.869,456.674,468.722,65,0,165,125.655
390,999.823,456.44,468.688,64,0,166,125.157
382,997.186,456.022,468.337,63,0,167,125.624
382,959.361,455.881,468.362,62,0,168,123.535
367,953.074,455.489,468.574,61,0,169,124.466
356,946.522,455.627,468.325,60,0,170,124.498
362,920.11,454.882,467.887,59,0,171,124.507
346,913.592,454.304,467.604,58,0,172,123.845
332,914.428,453.872,467.355,57,0,173,124.092
333,904.135,453.144,466.854,56,0,174,123.571
320,900.894,452.805,466.342,55,0,175,123.676
317,888.606,451.445,465.654,54,0,176,123.098
300,882.007,452.299,465.809,53,0,177,122.771
300,864.613,451.857,465.317,52,0,178,123.12
292,858.712,451.481,464.865,51,0,179,122.83
282,838.092,451.358,464.74,50,0,180,122.378
276,818.808,450.957,464.602,49,0,181,123.684
637,719.95,440.163,452.822,48,0,182,122.142
600,713.57,440.189,453.095,47,0,183,123.231
585,703.892,440.379,453.233,46,0,184,122.636
552,699.21,440.025,453.126,45,0,185,122.489
558,698.844,440.366,453.567,44,0,186,123.077
547,697.528,440.157,453.275,43,0,187,123.097
496,706.044,440.832,453.955,42,0,188,123.34
489,712.871,440.66,453.951,41,0,189,123.611
479,702.033,440.64,454.333,40,0,190,122.985
475,702.486,440.809,454.633,39,0,191,122.295
462,706.303,440.92,454.852,38,0,192,121.738
459,680.229,440.65,454.522,37,0,193,121.153
447,677.447,440.655,454.899,36,0,194,122.742
452,668.803,440.509,454.802,35,0,195,122.383
441,671.413,440.787,455.45,34,0,196,121.625
438,663.473,440.71,455.197,33,0,197,121.993
433,655.085,441.05,455.972,32,0,198,122.382
422,653.929,440.992,455.767,31,0,199,122.976
416,657.252,441.458,456.256,30,0,200,122.213
389,654.47,441.585,456.562,29,0,201,121.496
367,669.142,441.47,456.334,28,0,202,121.488
368,667.462,441.752,457.079,27,0,203,122.128
338,669.062,441.575,456.87,26,0,204,122.512
323,675.898,442.105,457.786,25,0,205,122.578
310,691.803,442.238,457.786,24,0,206,122.559
295,690.515,441.901,457.384,23,0,207,122.027
593,723.899,450.068,472.05,22,0,208,121.692
585,717.032,449.925,471.807,21,0,209,122.275
567,712.063,449.682,471.602,20,0,210,122.832
560,695.636,449.447,471.215,19,0,211,121.948
541,694.858,449.434,471.432,18,0,212,121.489
551,683.789,449.479,471.613,17,0,213,122.279
536,675.899,449.487,471.665,16,0,214,122.381
537,657.104,449.067,471.591,15,0,215,120.819
501,663.599,448.079,470.732,14,0,216,121.926
472,652.593,449.292,471.995,13,0,217,121.114
466,655.06,449.026,472.482,12,0,218,122.254
447,668.94,448.738,472.714,11,0,219,122.906
447,650.125,449.043,473.223,10,0,220,123.018
406,672.621,448.741,474.628,9,0,221,121.098
395,669.914,449.512,474.709,8,0,222,122.109
380,675.397,449.783,476.577,7,0,223,122.466
357,672.765,450.31,476.464,6,0,224,122.267
352,660.099,450.433,476.876,5,0,225,121.565
334,658.308,450.402,476.555,4,0,226,121.937
331,658.29,450.452,476.937,3,0,227,123.541
335,633.728,450.506,477.582,2,0,228,121.938
583,682.304,457.335,493.059,1,0,0,122.527
268,1208.646,475.076,407.568,119,0,230,135.775
265,1207.789,474.608,409.777,118,0,231,134.881
265,1205.743,473.663,412.116,117,0,232,133.999
262,1204.969,473.193,414.202,116,0,233,133.246
250,1208.828,472.538,416.596,115,0,234,133.743
247,1187.615,472.058,418.235,114,0,235,133.234
256,1165.559,471.984,419.273,113,0,236,133.582
265,1169.642,469.998,420.866,112,0,237,132.929
240,1127.892,469.347,421.236,111,0,238,133.745
451,1234.279,455.863,429.078,110,0,239,132.26
430,1263.156,455.082,430.086,109,0,240,132.5
412,1280.837,455.826,430.392,108,0,241,132.239
389,1284.992,454.699,431.118,107,0,242,131.627
389,1263.987,455.519,432.213,106,0,243,131.316
375,1252.741,455.763,432.719,105,0,244,130.895
370,1234.724,456.24,432.875,104,0,245,130.766
357,1215.734,456.27,434.169,103,0,246,129.915
340,1230.832,456.272,435.264,102,0,247,132.184
326,1196.393,456.24,436.284,101,0,248,130.038
317,1184.101,456.426,436.727,100,0,249,129.289
311,1168.174,455.604,437.236,99,0,250,130.639
307,1138.772,455.175,437.495,98,0,251,128.862
290,1115.555,454.049,438.073,97,0,252,128.065
268,1134.56,453.92,438.919,96,0,253,130.748
261,1132.207,452.861,438.956,95,0,254,129.568
250,1118.6,451.779,439.911,94,0,255,128.644
241,1108.772,451.321,440.541,93,0,256,128.283
233,1131.395,450.488,440.987,92,0,257,129.103
440,1147.291,436.614,438.585,91,0,258,127.991
426,1127.502,436.722,438.649,90,0,259,127.423
426,1131.974,436.389,438.747,89,0,260,128.792
420,1103.048,436.731,438.615,88,0,261,127.717
423,1121.395,436.389,438.709,87,0,262,127.719
422,1090.438,436.06,438.469,86,0,263,127.218
418,1079.105,436.617,438.735,85,0,264,127.861
408,1071.922,436.03,438.417,84,0,265,127.961
398,1060.784,435.708,438.405,83,0,266,126.872
391,1053.78,436.987,438.351,82,0,267,126.761
391,1024.199,437.01,438.443,81,0,268,127.74
380,1022.695,436.845,438.458,80,0,269,127.206
377,995.889,436.616,438.518,79,0,270,125.33
362,990.732,435.976,438.236,78,0,271,127.455
356,992.199,435.831,438.013,77,0,272,127.768
337,1002.083,435.665,438.473,76,0,273,126.13
324,982.843,435.347,438.774,75,0,274,126.794
317,999.918,434.262,439.178,74,0,275,125.202
305,989.918,434.357,439.7,73,0,276,126.734
291,994.735,433.881,439.649,72,0,277,126.031
308,956.744,433.5,439.748,71,0,278,125.404
286,951.36,434.501,440.38,70,0,279,125.01
280,935.811,432.692,439.655,69,0,280,126.367
585,851.248,419.983,432.688,68,0,281,125.473
563,851.416,420.562,433.119,67,0,282,125.514
548,840.139,420.973,433.585,66,0,283,125.365
527,847.186,421.57,434.068,65,0,284,125.655
498,843.424,422.092,434.513,64,0,285,125.157
464,860.196,422.22,434.433,63,0,286,125.624
456,823.798,422.739,434.87,62,0,287,123.535
462,800.147,422.976,435.089,61,0,288,124.466
443,794.036,423.437,435.411,60,0,289,124.498
432,773.201,423.572,435.611,59,0,290,124.507
438,755.534,424.264,436.29,58,0,291,123.845
418,740.833,424.662,436.66,57,0,292,124.092
401,742.229,425.253,436.907,56,0,293,123.571
389,736.589,426.139,437.471,55,0,294,123.676
371,720.741,425.825,437.703,54,0,295,123.098
373,711.598,427.596,438.724,53,0,296,122.771
343,725.236,427.601,438.924,52,0,297,123.12
340,705.144,428.157,439.522,51,0,298,122.83
343,689.918,428.268,439.934,50,0,299,122.378
333,659.664,428.586,440.217,49,0,181,123.684
229,1419.266,448.437,425.498,119,0,301,135.775
214,1418.879,447.916,427.054,118,0,302,134.881
216,1418.778,447.318,427.861,117,0,303,133.999
206,1433.971,446.364,429.315,116,0,304,133.246
207,1395.116,445.946,430.338,115,0,305,133.743
200,1379.495,445.182,430.815,114,0,306,133.234
200,1358.79,445.608,431.857,113,0,307,133.582
199,1363.603,444.95,433.514,112,0,308,132.929
214,1377.136,446.019,434.178,111,0,238,133.745
443,1414.941,421.203,412.373,119,0,310,135.775
445,1406.807,421.015,413.568,118,0,311,134.881
438,1404.37,420.853,414.033,117,0,312,133.999
421,1392.805,420.247,414.531,116,0,313,133.246
413,1385.961,419.872,415.331,115,0,314,133.743
402,1395.555,419.064,415.553,114,0,315,133.234
392,1385.156,418.455,415.757,113,0,316,133.582
385,1389.831,417.972,416.119,112,0,317,132.929
378,1388.021,417.296,416.241,111,0,318,133.745
366,1355.246,415.921,416.144,110,0,319,132.26
350,1396.017,415.423,416.482,109,0,320,132.5
344,1382.584,415.701,416.248,108,0,321,132.239
350,1338.194,414.779,416.52,107,0,322,131.627
341,1315.792,415.185,416.793,106,0,323,131.316
337,1281.902,415.293,416.845,105,0,324,130.895
342,1261.696,415.14,416.771,104,0,325,130.766
334,1236.967,415.628,417.245,103,0,326,129.915
319,1246.464,415.457,417.252,102,0,327,132.184
315,1216.257,414.739,417.597,101,0,328,130.038
301,1224.571,414.146,418.189,100,0,329,129.289
291,1228.99,414.097,418.317,99,0,330,130.639
281,1228.822,412.692,418.474,98,0,331,128.862
258,1227.833,411.749,418.962,97,0,332,128.065
265,1205.732,411.803,419.587,96,0,333,130.748
251,1204.339,410.354,419.515,95,0,334,129.568
510,1152.835,397.007,414.232,94,0,335,128.644
500,1143.14,397.707,415.295,93,0,336,128.283
481,1140.798,397.75,415.838,92,0,337,129.103
469,1130.819,398.041,416.32,91,0,338,127.991
443,1127.088,398.303,416.673,90,0,339,127.423
449,1118.165,398.59,417.222,89,0,340,128.792
429,1112.371,399.117,417.924,88,0,341,127.717
406,1137.379,399.287,418.392,87,0,342,127.719
392,1110.923,399.769,418.744,86,0,343,127.218
380,1107.503,399.457,419.356,85,0,344,127.861
389,1073.92,399.798,419.896,84,0,345,127.961
374,1066.65,399.757,420.202,83,0,346,126.872
376,1049.848,400.692,420.095,82,0,347,126.761
386,1003.373,400.974,420.373,81,0,348,127.74
375,975.867,400.787,420.645,80,0,349,127.206
393,937.277,401.009,420.899,79,0,350,125.33
408,882.48,400.37,420.686,78,0,351,127.455
383,892.726,401.201,420.9,77,0,352,127.768
382,873.628,401.808,421.469,76,0,353,126.13
366,861.413,402.223,421.899,75,0,354,126.794
347,863.902,402.722,422.15,74,0,355,125.202
349,828.756,403.414,422.922,73,0,356,126.734
330,850.152,404.464,423.279,72,0,357,126.031
306,817.222,404.25,423.616,71,0,358,125.404
333,815.072,406.18,424.713,70,0,359,125.01
300,806.967,405.782,424.51,69,0,280,126.367
566,1196.845,380.505,386.281,119,0,361,135.775
551,1199.044,380.298,387.324,118,0,362,134.881
542,1197.531,380.2,388.665,117,0,363,133.999
510,1233.969,380.44,390.202,116,0,364,133.246
487,1226.815,380.361,390.68,115,0,365,133.743
477,1215.491,380.676,391.528,114,0,366,133.234
469,1200.849,380.641,391.217,113,0,367,133.582
468,1174.818,380.963,391.977,112,0,368,132.929
458,1156.614,381.007,392.556,111,0,369,133.745
454,1132.683,380.954,393.187,110,0,370,132.26
440,1133.673,380.946,393.43,109,0,371,132.5
421,1139.867,382.476,393.787,108,0,372,132.239
411,1116.642,382,394.884,107,0,373,131.627
387,1138.326,382.994,397.067,106,0,374,131.316
365,1133.51,383.579,397.742,105,0,375,130.895
336,1125.497,383.854,397.914,104,0,376,130.766
348,1121.681,384.259,398.577,103,0,377,129.915
331,1124.051,384.626,399.033,102,0,378,132.184
320,1121.803,384.881,399.983,101,0,379,130.038
312,1110.779,385.023,401.058,100,0,380,129.289
307,1122.055,385.546,402.475,99,0,381,130.639
290,1123.514,385.079,403.191,98,0,382,128.862
280,1103.407,384.845,404.533,97,0,383,128.065
274,1127.763,384.669,405.909,96,0,384,130.748
257,1122.249,383.791,406.234,95,0,334,129.568
295,847.468,354.791,354.402,119,0,386,135.775
283,859.085,355.353,357.059,118,0,387,134.881
272,848.515,355.839,360.129,117,0,388,133.999
262,875.649,357.092,364.342,116,0,389,133.246
238,892.311,357.689,367.48,115,0,390,133.743
395,1012.797,359.103,382.798,114,0,391,133.234
402,995.846,359.465,384.115,113,0,392,133.582
390,988.249,360.086,385.404,112,0,393,132.929
400,952.742,360.239,385.786,111,0,394,133.745
378,936.011,360.879,386.112,110,0,395,132.26
352,963.108,361.972,387.843,109,0,396,132.5
331,962.719,364.636,389.715,108,0,397,132.239
312,997.609,365.401,392.798,107,0,398,131.627
276,1036.167,367.721,396.328,106,0,399,131.316
259,1051.517,369.633,398.97,105,0,400,130.895
238,1083.937,371.176,401.617,104,0,401,130.766
236,1081.589,372.755,404.624,103,0,402,129.915
231,1086.965,374.698,407.548,102,0,403,132.184
215,1087.767,375.837,409.58,101,0,404,130.038
220,1073.514,376.239,411.045,100,0,405,129.289
219,1062.872,376.685,411.973,99,0,406,130.639
201,1063.866,377.188,413.621,98,0,407,128.862
181,1070.669,378.387,416.316,97,0,408,128.065
177,1109.746,378.966,417.907,96,0,409,130.748
169,1091.722,379.709,419.955,95,0,410,129.568
406,1145.36,392.822,433.757,94,0,411,128.644
377,1160.576,393.985,434.838,93,0,412,128.283
368,1144.587,394.805,435.346,92,0,413,129.103
368,1137.75,395.479,435.855,91,0,414,127.991
353,1118.618,396.335,436.365,90,0,415,127.423
349,1098.384,397.264,437.252,89,0,416,128.792
332,1103.446,398.873,438.337,88,0,417,127.717
317,1124.584,401.206,440.157,87,0,418,127.719
282,1131.929,402.448,440.67,86,0,419,127.218
260,1134.165,404.342,442.27,85,0,420,127.861
261,1121.897,405.874,443.245,84,0,421,127.961
251,1117.789,406.999,444.264,83,0,422,126.872
245,1133.788,409.24,445.393,82,0,423,126.761
230,1103.152,409.5,445.218,81,0,424,127.74
235,1093.332,411.039,446.795,80,0,425,127.206
219,1052.306,412.003,447.554,79,0,426,125.33
220,1042.709,412.42,448.132,78,0,427,127.455
230,1045.665,414.455,449.961,77,0,428,127.768
445,1098.218,428.366,461.469,76,0,429,126.13
426,1084.756,428.523,461.757,75,0,430,126.794
391,1109.857,428.818,462.139,74,0,431,125.202
373,1103.282,429.944,463.136,73,0,432,126.734
370,1098.114,430.603,463.584,72,0,433,126.031
350,1088.631,431.13,464.298,71,0,434,125.404
340,1090.709,431.974,464.995,70,0,435,125.01
317,1090.703,432.208,465.328,69,0,436,126.367
314,1076.357,432.631,465.94,68,0,437,125.473
294,1074.646,433.2,466.463,67,0,438,125.514
280,1057.561,433.879,467.159,66,0,439,125.365
540,1080.261,449.899,479.138,65,0,440,125.655
510,1058.912,451.257,480.224,64,0,441,125.157
499,1052.22,451.1,480.334,63,0,442,125.624
474,1037.804,452.329,481.49,62,0,443,123.535
450,1033.267,452.775,482.239,61,0,444,124.466
432,1024.637,453.915,483.022,60,0,445,124.498
412,1019.211,454.392,483.823,59,0,446,124.507
391,1010.517,455.705,484.864,58,0,447,123.845
377,1000.517,455.988,485.193,57,0,448,124.092
352,996.429,456.317,485.476,56,0,449,123.571
347,971.196,456.795,486.165,55,0,450,123.676
335,956.075,457.135,486.549,54,0,451,123.098
320,963.322,457.712,486.947,53,0,452,122.771
302,964.45,457.481,486.874,52,0,453,123.12
287,950.693,458.167,487.217,51,0,454,122.83
288,939.396,458.91,487.864,50,0,455,122.378
277,943.379,459.199,488.179,49,0,456,123.684
268,935.534,459.308,488.468,48,0,457,122.142
256,927.594,459.536,488.335,47,0,458,123.231
253,920.028,459.073,488.192,46,0,459,122.636
248,909.806,459.599,488.257,45,0,460,122.489
509,873.819,471.223,499.008,44,0,461,123.077
499,846.198,470.814,498.653,43,0,462,123.097
477,848.017,470.879,498.464,42,0,463,123.34
464,846.125,469.952,497.853,41,0,464,123.611
456,821.208,469.348,497.367,40,0,465,122.985
426,842.897,468.83,496.825,39,0,466,122.295
412,852.694,468.122,496.099,38,0,467,121.738
402,823.493,467.61,495.522,37,0,468,121.153
378,855.616,466.176,494.567,36,0,469,122.742
365,846.208,465.585,493.862,35,0,470,122.383
358,849.26,465.395,493.675,34,0,471,121.625
350,821.56,464.823,493.089,33,0,472,121.993
352,815.034,465.026,493.357,32,0,473,122.382
342,793.535,464.502,492.656,31,0,474,122.976
337,795.169,464.118,492.301,30,0,475,122.213
339,781.263,462.99,491.393,29,0,476,121.496
318,789.142,462.146,490.057,28,0,477,121.488
308,793.081,461.322,489.268,27,0,478,122.128
299,793.338,459.512,487.093,26,0,479,122.512
289,782.772,459.251,486.906,25,0,480,122.578
288,796.764,458.162,485.628,24,0,481,122.559
280,792.161,457.406,484.475,23,0,207,122.027
191,1211.78,357.382,387.514,119,0,483,135.775
198,1217.035,357.701,390.009,118,0,484,134.881
191,1215.236,358.076,392.507,117,0,485,133.999
180,1211.222,358.952,394.905,116,0,486,133.246
176,1201.097,359.645,396.606,115,0,390,133.743
368,1159.019,344.846,386.082,119,0,488,135.775
347,1165.674,344.791,386.977,118,0,489,134.881
346,1134.561,345.036,388.37,117,0,490,133.999
335,1166.878,345.717,389.945,116,0,491,133.246
324,1138.216,346.453,390.508,115,0,492,133.743
333,1118.192,347.035,391.47,114,0,493,133.234
318,1105.057,347.793,392.944,113,0,494,133.582
306,1103.183,348.391,394.443,112,0,495,132.929
306,1079.088,348.901,395.951,111,0,496,133.745
547,1149.59,352.01,413.443,110,0,497,132.26
527,1156.471,352.931,412.932,109,0,498,132.5
515,1136.155,355.183,412.099,108,0,499,132.239
517,1117.128,355.458,413.229,107,0,500,131.627
506,1097.33,356.656,413.173,106,0,501,131.316
514,1064.669,357.218,412.971,105,0,502,130.895
502,1041.52,357.832,412.607,104,0,503,130.766
504,1012.901,358.14,412.911,103,0,504,129.915
503,1002.557,358.924,412.7,102,0,505,132.184
488,989.85,359.541,412.684,101,0,506,130.038
471,983.635,359.593,413.039,100,0,507,129.289
450,996.836,359.796,413.119,99,0,508,130.639
447,986.43,359.951,412.603,98,0,509,128.862
436,965.766,360.218,412.487,97,0,510,128.065
419,984.148,360.392,413.018,96,0,511,130.748
405,965.669,360.122,412.185,95,0,512,129.568
391,945.913,360.32,411.872,94,0,513,128.644
384,941.628,361.323,411.874,93,0,514,128.283
370,941.516,361.831,412.308,92,0,515,129.103
368,920.864,362.108,412.403,91,0,516,127.991
374,904.283,363.08,413.473,90,0,517,127.423
362,885.481,364.541,415.145,89,0,518,128.792
615,1009.821,377.08,433.332,88,0,519,127.717
578,1026.317,379.571,434.833,87,0,520,127.719
547,1017.133,381.661,435.348,86,0,521,127.218
511,1026.162,383.645,436.787,85,0,522,127.861
494,1030.854,385.059,437.814,84,0,523,127.961
465,1046.288,386.562,439.623,83,0,524,126.872
451,1037.47,389.129,440.868,82,0,525,126.761
420,1034.388,391.277,442.418,81,0,526,127.74
389,1049.252,393.235,443.969,80,0,527,127.206
383,1032.88,394.663,446.161,79,0,528,125.33
374,1019.428,395.326,447.394,78,0,529,127.455
363,1029.656,396.918,449.35,77,0,530,127.768
351,1017.028,398.153,450.84,76,0,531,126.13
349,973.215,399.008,451.554,75,0,532,126.794
337,1010.389,400.796,452.498,74,0,533,125.202
334,990.072,402.245,453.357,73,0,534,126.734
331,959.06,403.19,453.742,72,0,535,126.031
321,948.748,403.909,454.192,71,0,536,125.404
314,936.494,405.239,455.103,70,0,537,125.01
305,920.738,405.93,455.625,69,0,538,126.367
301,904.425,406.441,455.992,68,0,539,125.473
298,903.93,407.29,456.698,67,0,540,125.514
294,877.221,407.834,457.133,66,0,541,125.365
282,888.397,408.351,457.871,65,0,542,125.655
280,874.614,409.491,458.76,64,0,543,125.157
277,849.643,409.668,458.986,63,0,544,125.624
275,835.487,411.108,460.033,62,0,545,123.535
441,923.628,420.502,469.79,61,0,546,124.466
419,924.411,421.534,470.407,60,0,547,124.498
416,910.846,421.809,470.327,59,0,548,124.507
403,910.122,422.837,470.979,58,0,549,123.845
385,918.855,424.237,471.819,57,0,550,124.092
379,927.472,424.708,472.547,56,0,551,123.571
367,927.738,425.915,473.795,55,0,552,123.676
345,916.159,426.153,474.338,54,0,553,123.098
333,901.117,428.169,475.69,53,0,554,122.771
333,907.619,429.57,476.916,52,0,555,123.12
316,898.316,430.564,477.881,51,0,556,122.83
327,880.333,431.042,478.04,50,0,557,122.378
317,854.054,431.341,478.234,49,0,558,123.684
305,853.784,432.172,478.507,48,0,559,122.142
306,822.069,432.639,478.916,47,0,560,123.231
296,837.476,433.997,480.011,46,0,561,122.636
275,832.171,434.797,480.991,45,0,562,122.489
276,841.366,436.191,482.351,44,0,563,123.077
258,852.097,437.618,483.23,43,0,564,123.097
248,857.778,440,485.066,42,0,565,123.34
237,839.456,440.674,485.53,41,0,566,123.611
386,896.609,449.926,495.729,40,0,567,122.985
375,891.04,450.77,496.366,39,0,568,122.295
368,899.622,451.165,496.876,38,0,569,121.738
355,903.163,452.324,498.071,37,0,570,121.153
338,901.033,453.342,499.587,36,0,571,122.742
327,907.514,454.029,500.355,35,0,572,122.383
309,925.773,455.391,501.974,34,0,573,121.625
304,907.447,455.507,501.916,33,0,574,121.993
270,932.985,456.729,503.716,32,0,575,122.382
256,922.129,456.684,503.484,31,0,576,122.976
243,915.51,456.634,503.468,30,0,577,122.213
601,823.854,471.428,518.742,29,0,578,121.496
599,819.91,471.209,518.435,28,0,579,121.488
595,798.339,471.078,518.157,27,0,580,122.128
566,794.288,470.26,517.298,26,0,581,122.512
567,797.617,470.515,517.863,25,0,582,122.578
526,802.692,470.304,517.682,24,0,583,122.559
512,811.99,469.73,517.006,23,0,584,122.027
488,824.785,469.752,517.321,22,0,585,121.692
481,825.63,469.691,517.165,21,0,586,122.275
454,836.758,469.041,516.472,20,0,587,122.832
453,825.382,468.661,516.226,19,0,588,121.948
448,813.556,468.769,516.137,18,0,589,121.489
440,793.655,469.022,516.427,17,0,590,122.279
425,798.421,468.415,516.001,16,0,591,122.381
414,773.671,468.756,516.044,15,0,592,120.819
421,755.128,467.253,514.705,14,0,593,121.926
419,745.389,468.618,515.869,13,0,594,121.114
398,753.751,468.216,515.497,12,0,595,122.254
380,752.626,467.281,514.7,11,0,596,122.906
369,740.439,466.986,513.968,10,0,597,123.018
350,762.16,465.765,513.425,9,0,598,121.098
325,750.015,466.581,512.152,8,0,599,122.109
334,739.009,466.168,512.585,7,0,600,122.466
287,756.735,465.81,511.202,6,0,601,122.267
301,742.189,465.353,510.552,5,0,602,121.565
300,719.827,465.1,509.375,4,0,603,121.937
296,704.088,464.358,508.252,3,0,604,123.541
276,704.239,464.222,507.696,2,0,228,121.938
430,1045.684,334.776,396.122,119,0,606,135.775
406,1045.815,334.826,397.623,118,0,607,134.881
413,1031.165,335.031,400.07,117,0,608,133.999
404,1028.53,335.271,401.977,116,0,609,133.246
400,1005.728,335.478,402.869,115,0,610,133.743
395,996.484,335.749,403.892,114,0,611,133.234
384,1000.099,336.316,405.142,113,0,612,133.582
379,994.496,336.372,407.044,112,0,613,132.929
378,976.455,336.303,407.682,111,0,614,133.745
380,951.337,336.024,408.194,110,0,615,132.26
383,944.037,336.127,410.522,109,0,616,132.5
382,935.903,338.115,414.838,108,0,617,132.239
616,1043.979,345.006,434.534,107,0,618,131.627
594,1040.918,346.696,436.994,106,0,619,131.316
570,1046.705,348.183,438.892,105,0,620,130.895
546,1038.67,348.933,438.642,104,0,621,130.766
533,1040.512,350.062,439.367,103,0,622,129.915
506,1038.292,350.801,438.841,102,0,623,132.184
471,1037.435,351.426,438.613,101,0,624,130.038
463,1025.551,352.2,439.003,100,0,625,129.289
467,1006.884,353.843,439.058,99,0,626,130.639
459,982.131,354.702,438.295,98,0,627,128.862
456,948.441,355.163,438.094,97,0,628,128.065
439,949.05,355.757,438.068,96,0,629,130.748
423,934.161,355.961,437.55,95,0,630,129.568
398,944.412,356.429,437.276,94,0,631,128.644
370,950.67,358.706,439.118,93,0,632,128.283
333,973.955,361.258,441.27,92,0,633,129.103
290,985.3,363.735,442.94,91,0,634,127.991
542,1039.493,374.44,460.165,90,0,635,127.423
520,1058.504,376.722,461.118,89,0,636,128.792
496,1035.032,378.472,461.61,88,0,637,127.717
474,1040.196,380.239,461.811,87,0,638,127.719
458,1017.402,381.713,461.203,86,0,639,127.218
445,1028.652,383.103,461.487,85,0,640,127.861
424,1018.507,384.416,461.858,84,0,641,127.961
402,1023.59,385.111,462.11,83,0,642,126.872
394,1002.241,387.118,462.523,82,0,643,126.761
397,960.038,387.686,462.338,81,0,644,127.74
411,943.005,388.618,462.836,80,0,645,127.206
396,908.008,388.652,462.804,79,0,646,125.33
374,892.69,388.413,462.235,78,0,647,127.455
359,892.928,389.506,462.356,77,0,648,127.768
331,893.647,390.536,462.873,76,0,649,126.13
327,875.59,392.14,463.797,75,0,650,126.794
304,886.717,394.231,464.992,74,0,651,125.202
310,863.368,395.811,465.901,73,0,652,126.734
290,878.99,397.912,467.617,72,0,653,126.031
293,871.58,399.604,469.918,71,0,654,125.404
289,864.616,401.391,471.761,70,0,655,125.01
485,955.202,412.478,481.134,69,0,656,126.367
460,940.02,412.357,481.131,68,0,657,125.473
450,953.371,412.869,481.416,67,0,658,125.514
438,936.525,413.669,482.375,66,0,659,125.365
424,970.868,414.621,483.067,65,0,660,125.655
392,983.255,415.917,484.084,64,0,661,125.157
370,987.451,415.635,483.751,63,0,662,125.624
381,961.449,416.018,483.913,62,0,663,123.535
369,953.713,416.838,484.631,61,0,664,124.466
356,948.888,417.511,484.788,60,0,665,124.498
359,926.869,417.773,485.18,59,0,666,124.507
343,932.085,418.393,485.578,58,0,667,123.845
350,922.537,418.963,486.217,57,0,668,124.092
340,912.282,419.598,486.801,56,0,669,123.571
333,907.234,420.27,487.186,55,0,670,123.676
315,905.365,420.371,487.536,54,0,671,123.098
317,887.83,421.671,488.295,53,0,672,122.771
284,904.831,422.386,489.04,52,0,673,123.12
275,910.884,424.294,490.453,51,0,674,122.83
257,895.665,425.234,491.447,50,0,675,122.378
274,898.741,427.527,493.623,49,0,676,123.684
503,959.664,439.354,503.979,48,0,677,122.142
474,962.546,439.726,504.138,47,0,678,123.231
455,965.868,440.265,504.987,46,0,679,122.636
437,946.224,440.611,505.303,45,0,680,122.489
415,961.369,440.829,505.645,44,0,681,123.077
400,941.96,440.936,505.505,43,0,682,123.097
392,942.138,441.826,506.369,42,0,683,123.34
365,940.715,441.928,506.394,41,0,684,123.611
351,933.407,442.399,506.962,40,0,685,122.985
346,938.095,442.983,507.57,39,0,686,122.295
327,941.624,443.421,508.176,38,0,687,121.738
310,931.365,443.372,508.25,37,0,688,121.153
309,943.78,444.049,508.897,36,0,689,122.742
301,917.608,444.142,509.126,35,0,690,122.383
283,922.131,444.665,509.829,34,0,691,121.625
283,909.254,444.571,509.489,33,0,692,121.993
274,903.073,445.022,510.207,32,0,693,122.382
278,877.245,444.925,509.844,31,0,694,122.976
263,888.681,445.541,510.573,30,0,695,122.213
256,857.609,445.84,511.077,29,0,696,121.496
456,907.618,455.35,521.822,28,0,697,121.488
434,916.09,455.016,521.486,27,0,698,122.128
419,908.589,454.71,521.104,26,0,699,122.512
402,917.721,454.886,521.495,25,0,700,122.578
389,925.316,454.624,521.148,24,0,701,122.559
382,911.157,453.887,520.331,23,0,702,122.027
387,923.773,454.393,521.065,22,0,703,121.692
374,907.561,454.544,521.47,21,0,704,122.275
357,939.563,454.534,521.16,20,0,705,122.832
352,915.812,454.192,520.889,19,0,706,121.948
352,909.645,454.173,520.877,18,0,707,121.489
349,880.223,454.251,521.032,17,0,708,122.279
341,874.827,454.211,521.045,16,0,709,122.381
344,850.183,454.069,520.635,15,0,710,120.819
342,839.88,453.248,519.944,14,0,711,121.926
341,810.868,454.844,521.377,13,0,712,121.114
329,831.769,455.149,521.913,12,0,713,122.254
309,816.278,454.333,521.151,11,0,714,122.906
303,805.706,455.051,521.587,10,0,715,123.018
291,811.282,454.448,522.146,9,0,716,121.098
278,799.658,455.195,521.23,8,0,717,122.109
278,793.058,455.838,523.849,7,0,718,122.466
273,767.901,456.096,523.16,6,0,719,122.267
264,783.545,456.46,524.54,5,0,720,121.565
257,771.109,456.197,524.253,4,0,721,121.937
248,767.839,456.022,524.06,3,0,722,123.541
236,766.458,455.93,523.92,2,0,723,121.938
237,792.65,456.819,525.876,1,0,0,122.527
374,1182.58,337.743,438.138,119,0,725,135.775
374,1165.925,337.795,438.643,118,0,726,134.881
354,1178.359,338.005,439.884,117,0,727,133.999
354,1182.508,338.684,441.075,116,0,728,133.246
332,1183.247,338.486,441.032,115,0,729,133.743
320,1180.888,338.659,441.428,114,0,730,133.234
315,1163.883,338.984,442.014,113,0,731,133.582
318,1161.66,340.092,443.714,112,0,732,132.929
295,1171.173,341.233,444.728,111,0,733,133.745
284,1161.806,343.402,445.928,110,0,734,132.26
267,1219.91,348.129,448.694,109,0,735,132.5
254,1220.665,351.387,451.004,108,0,617,132.239
295,1117.593,329.933,464.159,119,0,737,135.775
289,1113.844,329.944,464.911,118,0,738,134.881
276,1130.116,330.354,465.1,117,0,739,133.999
268,1131.407,330.617,465.082,116,0,740,133.246
269,1098.067,330.681,465.149,115,0,741,133.743
261,1087.291,330.855,464.687,114,0,742,133.234
262,1065.607,331.399,464.461,113,0,743,133.582
259,1059.587,331.839,465.526,112,0,744,132.929
254,1030.429,331.968,465.216,111,0,745,133.745
277,998.126,332.531,465.507,110,0,746,132.26
273,988.788,333.315,465.361,109,0,747,132.5
263,969.589,335.125,466.687,108,0,748,132.239
248,978.21,335.704,467.308,107,0,749,131.627
490,1028.833,344.571,480.954,106,0,750,131.316
460,1031.011,346.399,480.77,105,0,751,130.895
442,1039.661,348.78,480.159,104,0,752,130.766
445,1039.71,351.403,479.58,103,0,753,129.915
414,1068.857,354.447,479.131,102,0,754,132.184
398,1070.04,358.098,478.394,101,0,755,130.038
396,1071.48,359.842,477.804,100,0,756,129.289
387,1063.685,361.197,477.744,99,0,757,130.639
374,1069.281,363.104,477.459,98,0,758,128.862
365,1050.984,365.225,477.14,97,0,759,128.065
355,1053.87,366.929,477.422,96,0,760,130.748
346,1045.176,368.67,476.961,95,0,761,129.568
334,1050.859,370.677,476.165,94,0,762,128.644
318,1053,372.676,476.042,93,0,763,128.283
294,1063.85,375.044,475.953,92,0,764,129.103
283,1084.565,378.094,475.006,91,0,634,127.991
342,1090.974,328.281,509.068,119,0,766,135.775
332,1087.434,328.361,507.946,118,0,767,134.881
317,1082.461,328.691,507.171,117,0,768,133.999
308,1081.315,328.975,506.12,116,0,769,133.246
309,1076.107,329.7,505.572,115,0,770,133.743
306,1065.288,330.361,504.222,114,0,771,133.234
292,1053.914,331.534,503.649,113,0,772,133.582
282,1034.589,332.513,502.6,112,0,773,132.929
276,1048.072,337.049,501.881,111,0,774,133.745
252,1068.333,341.999,499.494,110,0,775,132.26
248,1083.851,344.522,497.244,109,0,776,132.5
231,1103.593,348.108,496.843,108,0,777,132.239
240,1102.075,349.716,495.599,107,0,749,131.627
188,1343.17,340.56,507.55,119,0,779,135.775
185,1334.886,340.503,507.212,118,0,780,134.881
174,1338.506,341.335,505.291,117,0,781,133.999
181,1325.917,341.644,503.69,116,0,782,133.246
173,1292.555,342.423,502.571,115,0,783,133.743
167,1279.719,343.254,501.292,114,0,784,133.234
355,1256.132,343.981,487.12,113,0,785,133.582
359,1240.276,344.804,486.509,112,0,786,132.929
333,1238.847,347.111,484.078,111,0,787,133.745
320,1232.941,349.888,482.215,110,0,788,132.26
310,1251.006,352.415,482.349,109,0,789,132.5
304,1235.599,355.233,481.312,108,0,790,132.239
301,1213.292,357.925,481.458,107,0,791,131.627
291,1203.268,360.705,481.576,106,0,792,131.316
282,1191.028,362.817,480.933,105,0,793,130.895
277,1176.188,365.305,480.515,104,0,794,130.766
266,1187.139,368.782,481.207,103,0,795,129.915
253,1192.091,371.268,480.646,102,0,796,132.184
245,1191.767,374.015,480.211,101,0,797,130.038
232,1176.94,375.569,479.019,100,0,798,129.289
227,1169.894,377.813,478.518,99,0,799,130.639
220,1178.723,380.489,477.591,98,0,800,128.862
219,1165.457,383.456,478.262,97,0,801,128.065
210,1151.719,385.361,477.862,96,0,802,130.748
196,1140.985,386.845,477.72,95,0,803,129.568
401,1189.875,402.408,487.884,94,0,804,128.644
385,1185.922,403.748,488.285,93,0,805,128.283
381,1202.57,404.795,488.916,92,0,806,129.103
342,1212.596,406.217,489.521,91,0,807,127.991
330,1227.694,407.811,489.686,90,0,808,127.423
307,1244.85,409.015,490.179,89,0,809,128.792
299,1237.906,410.092,489.925,88,0,810,127.717
295,1229.973,411.426,489.885,87,0,811,127.719
284,1213.972,412.074,489.398,86,0,812,127.218
286,1213.818,412.723,489.045,85,0,813,127.861
276,1185.92,413.25,488.618,84,0,814,127.961
264,1199.485,414.045,488.748,83,0,815,126.872
257,1194.973,415.803,488.11,82,0,816,126.761
255,1166.063,416.095,487.549,81,0,817,127.74
243,1147.313,416.217,487.6,80,0,818,127.206
251,1109.677,416.74,487.709,79,0,819,125.33
253,1098.047,417.08,487.884,78,0,820,127.455
247,1124.279,418.627,488.403,77,0,821,127.768
231,1105.554,419.782,488.926,76,0,822,126.13
227,1077.11,420.429,488.939,75,0,823,126.794
234,1099.568,421.464,489.632,74,0,824,125.202
215,1086.949,422.323,490.186,73,0,825,126.734
208,1100.99,423.442,490.91,72,0,826,126.031
207,1084.184,424.419,491.985,71,0,827,125.404
193,1087.85,425.168,492.516,70,0,655,125.01
181,1350.475,340.95,476.797,119,0,829,135.775
183,1360.066,341.126,476.39,118,0,830,134.881
169,1340.349,341.594,476.54,117,0,831,133.999
170,1323.794,342.42,474.993,116,0,832,133.246
168,1309.071,342.629,475.786,115,0,833,133.743
171,1276.404,342.438,475.433,114,0,784,133.234
268,1427.612,355.493,473.416,119,0,835,135.775
247,1441.915,355.716,472.39,118,0,836,134.881
240,1426.15,355.932,472.31,117,0,837,133.999
234,1426.081,356.682,472.404,116,0,838,133.246
239,1394.582,356.803,471.899,115,0,839,133.743
231,1372.853,356.775,471.333,114,0,840,133.234
235,1339.396,357.681,471.234,113,0,841,133.582
242,1320.157,359.024,471.36,112,0,842,132.929
239,1303.059,360.666,471.164,111,0,843,133.745
226,1319.022,363.122,469.828,110,0,844,132.26
218,1308.564,365.239,468.15,109,0,845,132.5
205,1326.488,368.123,467.277,108,0,846,132.239
206,1341.791,369.584,465.345,107,0,847,131.627
178,1327.719,371.695,465.402,106,0,848,131.316
396,1286.048,373.053,449.402,105,0,849,130.895
384,1271.776,374.28,448.841,104,0,850,130.766
372,1254.973,375.708,449.382,103,0,851,129.915
364,1272.615,377.019,449.27,102,0,852,132.184
353,1245.649,378.271,448.81,101,0,853,130.038
323,1255.099,378.998,448.9,100,0,854,129.289
326,1243.506,379.583,447.574,99,0,855,130.639
333,1238.778,380.441,447.29,98,0,856,128.862
334,1223.91,381.546,448.19,97,0,857,128.065
330,1228.485,382.093,448.272,96,0,858,130.748
333,1222.571,382.692,448.668,95,0,859,129.568
324,1218.793,382.981,448.876,94,0,860,128.644
321,1212.776,383.463,448.809,93,0,861,128.283
315,1209.724,383.585,448.903,92,0,862,129.103
287,1211.08,383.857,449.113,91,0,863,127.991
262,1203.958,384.236,448.364,90,0,864,127.423
258,1190.403,385.715,448.984,89,0,518,128.792
220,1477.195,374.044,454.557,119,0,866,135.775
217,1492.101,374.206,454.949,118,0,867,134.881
216,1504.356,374.046,455.962,117,0,868,133.999
381,1519.21,371.158,467.811,116,0,869,133.246
369,1497.206,371.382,467.849,115,0,870,133.743
371,1474.394,371.627,466.107,114,0,871,133.234
376,1460.176,372.701,464.767,113,0,872,133.582
363,1446.204,374.062,464.161,112,0,873,132.929
352,1430.372,375.615,462.768,111,0,874,133.745
351,1410.205,377.284,461.285,110,0,875,132.26
337,1440.424,378.763,460.984,109,0,876,132.5
322,1433.472,381.321,460.326,108,0,877,132.239
319,1428.389,382.265,459.634,107,0,878,131.627
307,1430.837,384.158,460.75,106,0,879,131.316
290,1437.052,385.601,461.219,105,0,880,130.895
290,1404.366,387.069,461.391,104,0,881,130.766
265,1420.736,388.654,461.768,103,0,882,129.915
274,1417.65,390.623,462.053,102,0,883,132.184
271,1387.948,392.081,463.181,101,0,884,130.038
280,1372.293,393.365,464.313,100,0,885,129.289
265,1374.211,394.868,465.926,99,0,886,130.639
245,1392.069,396.469,466.091,98,0,887,128.862
243,1382.263,398.913,468.026,97,0,888,128.065
226,1402.274,400.38,468.017,96,0,889,130.748
233,1369.06,401.846,468.07,95,0,890,129.568
227,1356.828,403.461,468.919,94,0,891,128.644
220,1348.086,404.281,468.473,93,0,892,128.283
226,1341.553,404.839,468.158,92,0,893,129.103
218,1316.106,405.997,467.797,91,0,894,127.991
211,1302.232,406.714,466.706,90,0,895,127.423
190,1308.989,408.297,467.4,89,0,896,128.792
398,1336.879,419.011,480.548,88,0,897,127.717
381,1348.094,420.354,480.802,87,0,898,127.719
371,1339.27,421.382,480.852,86,0,899,127.218
359,1340.981,422.556,481.168,85,0,900,127.861
349,1335.304,423.332,480.992,84,0,901,127.961
347,1326.818,424.294,481.346,83,0,902,126.872
327,1308.636,426.283,481.61,82,0,903,126.761
332,1283.033,427.019,481.441,81,0,904,127.74
303,1314.498,427.936,482.596,80,0,905,127.206
297,1292.724,428.754,482.794,79,0,906,125.33
285,1287.961,428.716,482.013,78,0,907,127.455
272,1280.316,429.796,481.682,77,0,908,127.768
257,1272.482,430.509,481.744,76,0,909,126.13
244,1245.463,431.455,482.032,75,0,910,126.794
241,1239.124,432.746,482.618,74,0,911,125.202
228,1210.658,433.99,483.255,73,0,912,126.734
223,1204.677,434.262,483.31,72,0,913,126.031
210,1183.129,434.353,483.515,71,0,914,125.404
207,1188.179,434.605,483.753,70,0,915,125.01
199,1196.668,434.185,483.351,69,0,916,126.367
196,1187.724,434.056,483.602,68,0,917,125.473
184,1173.304,434.105,483.536,67,0,918,125.514
181,1160.486,433.924,483.614,66,0,919,125.365
182,1158.648,433.669,483.192,65,0,920,125.655
176,1143.341,433.376,483.093,64,0,921,125.157
171,1128.117,433.254,482.976,63,0,922,125.624
160,1102.069,432.656,482.467,62,0,545,123.535
268,1461.425,353.091,431.94,119,0,924,135.775
260,1444.031,352.85,432.07,118,0,925,134.881
256,1421.379,353.149,432.266,117,0,926,133.999
252,1394.631,353.438,431.906,116,0,927,133.246
254,1379.587,353.767,432.503,115,0,928,133.743
239,1346.368,353.833,432.981,114,0,929,133.234
232,1342.121,354.015,433.111,113,0,930,133.582
223,1316.955,353.833,433.225,112,0,931,132.929
233,1299.592,354.266,433.23,111,0,496,133.745
259,1347.753,365.194,429.503,119,0,933,135.775
251,1335.948,365.202,429.75,118,0,934,134.881
237,1343.975,365.445,430.934,117,0,935,133.999
242,1341.372,365.996,432.282,116,0,936,133.246
244,1327.381,366.44,433.097,115,0,937,133.743
246,1319.402,366.573,432.531,114,0,938,133.234
237,1308.608,366.888,432.463,113,0,939,133.582
251,1286.263,367.299,432.787,112,0,940,132.929
236,1290.525,367.817,432.766,111,0,941,133.745
229,1263.332,367.903,433.103,110,0,942,132.26
223,1277.982,368.608,433.183,109,0,943,132.5
214,1293.5,370.679,433.355,108,0,944,132.239
199,1288.503,370.791,433.68,107,0,945,131.627
206,1291.816,372.132,435.069,106,0,848,131.316
203,1206.808,370.882,397.411,119,0,947,135.775
192,1214.708,371.88,402.132,118,0,948,134.881
194,1229.546,372.267,405.418,117,0,949,133.999
189,1244.619,373.163,407.788,116,0,950,133.246
188,1232.255,374.402,409.587,115,0,951,133.743
184,1226.462,375.691,411.261,114,0,952,133.234
400,1265.438,383.876,426.994,113,0,953,133.582
397,1251.373,384.768,427.999,112,0,954,132.929
394,1258.322,385.515,428.861,111,0,955,133.745
379,1233.966,386.766,430.028,110,0,956,132.26
383,1241.765,388.559,431.887,109,0,957,132.5
362,1249.677,390.67,432.366,108,0,958,132.239
350,1252.78,391.345,434.371,107,0,959,131.627
338,1252.805,392.993,436.476,106,0,960,131.316
321,1252.146,394.602,437.815,105,0,961,130.895
311,1247.862,395.271,438.06,104,0,962,130.766
299,1259.535,396.468,438.839,103,0,963,129.915
280,1266.229,397.949,439.495,102,0,964,132.184
276,1250.822,398.527,440.12,101,0,965,130.038
268,1245.082,398.77,441.158,100,0,966,129.289
269,1217.703,399.352,441.475,99,0,967,130.639
254,1217.575,399.822,441.591,98,0,968,128.862
258,1192.422,400.176,441.526,97,0,969,128.065
256,1202.477,401.021,441.697,96,0,970,130.748
242,1174.822,400.929,441.65,95,0,410,129.568
270,1295.385,386.657,435.62,119,0,972,135.775
266,1290.432,386.962,437.079,118,0,973,134.881
269,1292.777,386.859,437.859,117,0,974,133.999
254,1311.028,387.386,438.319,116,0,975,133.246
249,1297.02,387.867,438.954,115,0,976,133.743
218,1301.041,388.736,439.121,114,0,952,133.234
298,1571.983,412.318,425.726,119,0,978,135.775
299,1543.237,412.216,426.671,118,0,979,134.881
287,1536.861,412.039,427.086,117,0,980,133.999
283,1547.993,411.804,427.266,116,0,981,133.246
286,1516.329,411.381,427.799,115,0,982,133.743
271,1513.771,410.812,428.049,114,0,983,133.234
268,1503.507,411.331,428.355,113,0,984,133.582
267,1484.277,412.06,429.271,112,0,985,132.929
266,1474.508,412.944,429.614,111,0,986,133.745
261,1441.617,414.181,430.168,110,0,987,132.26
256,1450.551,414.553,430.571,109,0,988,132.5
250,1417.316,416.568,430.601,108,0,989,132.239
248,1387.738,416.511,431.229,107,0,990,131.627
261,1346.49,417.077,431.796,106,0,991,131.316
264,1307.92,417.572,432.058,105,0,992,130.895
266,1299.951,417.661,432.211,104,0,993,130.766
254,1296.811,418.238,432.601,103,0,994,129.915
248,1300.371,418.733,432.57,102,0,995,132.184
246,1269.813,418.884,433.034,101,0,996,130.038
235,1264.14,418.488,433.138,100,0,997,129.289
233,1253.249,419,433.539,99,0,998,130.639
228,1242.697,419.94,433.845,98,0,999,128.862
218,1202.922,419.721,434.135,97,0,1000,128.065
218,1231.752,420.607,434.813,96,0,1001,130.748
215,1231.386,420.106,434.816,95,0,1002,129.568
215,1227.73,420.632,435.353,94,0,1003,128.644
206,1230.286,421.51,435.674,93,0,1004,128.283
200,1226.445,421.871,435.947,92,0,257,129.103
427,326.33,474.032,359.969,119,0,0,135.775
239,1406.31,424.963,452.726,119,0,1007,135.775
235,1391.681,422.839,453.245,118,0,1008,134.881
244,1402.668,421.483,453.471,117,0,1009,133.999
220,1391.391,419.838,454.131,116,0,1010,133.246
225,1378.947,419.286,454.88,115,0,1011,133.743
221,1384.824,418.618,455.194,114,0,1012,133.234
206,1376.718,418.766,455.178,113,0,1013,133.582
197,1397.548,418.397,456,112,0,1014,132.929
188,1403.277,418.581,456.91,111,0,1015,133.745
188,1397.239,420.227,458.246,110,0,1016,132.26
376,1412.875,434.791,465.269,109,0,1017,132.5
373,1404.721,435.997,465.013,108,0,1018,132.239
357,1399.832,434.754,464.908,107,0,1019,131.627
354,1381.384,435.434,465.365,106,0,1020,131.316
347,1355.971,436.246,465.747,105,0,1021,130.895
341,1332.402,435.843,465.632,104,0,1022,130.766
353,1322.32,436.091,466.431,103,0,1023,129.915
343,1330.277,435.986,466.143,102,0,1024,132.184
327,1320.609,435.76,466.493,101,0,1025,130.038
326,1301.696,436.002,465.755,100,0,1026,129.289
301,1317.488,434.924,464.988,99,0,1027,130.639
290,1326.738,434.144,464.392,98,0,1028,128.862
275,1304,433.018,464.028,97,0,1029,128.065
277,1325.372,431.692,463.86,96,0,1030,130.748
269,1288.621,430.589,463.414,95,0,1031,129.568
262,1267.874,429.354,463.178,94,0,1032,128.644
244,1262.611,429.282,463.276,93,0,1033,128.283
513,1218.316,445.279,469.473,92,0,1034,129.103
503,1194.225,444.57,469.655,91,0,1035,127.991
457,1187.733,443.388,468.949,90,0,1036,127.423
433,1189.952,443.076,468.874,89,0,1037,128.792
393,1181.743,442.328,468.674,88,0,1038,127.717
369,1184.106,441.947,468.698,87,0,1039,127.719
344,1183.57,441.206,468.543,86,0,1040,127.218
327,1195.398,440.483,469.113,85,0,1041,127.861
295,1200.136,440.052,469.126,84,0,1042,127.961
281,1207.865,440.736,469.973,83,0,1043,126.872
281,1210.214,441.03,469.799,82,0,1044,126.761
267,1172.285,441.616,470.388,81,0,1045,127.74
267,1170.633,441.995,471.084,80,0,1046,127.206
252,1144.167,440.824,470.716,79,0,1047,125.33
249,1144.454,440.266,470.532,78,0,1048,127.455
218,1154.812,440.532,470.869,77,0,428,127.768
232,1300.591,469.229,425.752,119,0,1050,135.775
224,1298.321,468.136,427.885,118,0,1051,134.881
213,1309.526,466.415,430.374,117,0,1052,133.999
201,1326.318,465.203,431.899,116,0,1053,133.246
201,1314.846,464.372,433.967,115,0,115,133.743
248,1320.806,481.572,431.676,119,0,1055,135.775
238,1319.954,481.144,433.828,118,0,1056,134.881
239,1341.866,478.401,437.324,117,0,1057,133.999
225,1349.524,476.988,439.488,116,0,1058,133.246
216,1343.551,476.135,441.698,115,0,1059,133.743
205,1363.634,475.078,443.294,114,0,1060,133.234
197,1347.076,475.196,444.983,113,0,1061,133.582
176,1355.477,473.854,447.584,112,0,1062,132.929
179,1340.028,473.232,449.46,111,0,1063,133.745
180,1326.489,472.332,450.511,110,0,1064,132.26
396,1244.705,487.888,449.827,109,0,1065,132.5
370,1231.519,490.025,450.691,108,0,1066,132.239
365,1228.981,489.478,451.951,107,0,1067,131.627
349,1225.312,489.714,453.311,106,0,1068,131.316
341,1210.543,489.559,454.075,105,0,1069,130.895
331,1219.063,488.258,454.89,104,0,1070,130.766
308,1239.325,486.926,456.179,103,0,1071,129.915
284,1250.954,487.009,457.109,102,0,1072,132.184
276,1253.217,486.594,457.984,101,0,1073,130.038
276,1234.703,485.8,459.018,100,0,1074,129.289
258,1245.76,484.481,459.977,99,0,1075,130.639
264,1211.208,483.884,461.476,98,0,1076,128.862
268,1190.586,484.503,463.172,97,0,1077,128.065
279,1200.358,484.514,465.798,96,0,1078,130.748
266,1164.444,484.653,466.348,95,0,1079,129.568
261,1157.253,484.827,467.118,94,0,1080,128.644
268,1125.299,485.802,467.608,93,0,1081,128.283
266,1110.598,486.074,468.922,92,0,1082,129.103
546,1004.165,503.234,469.466,91,0,1083,127.991
533,998.034,502.259,470.203,90,0,1084,127.423
524,997.794,502.107,471.062,89,0,1085,128.792
505,987.135,500.124,471.705,88,0,1086,127.717
488,1002.613,497.428,472.697,87,0,1087,127.719
461,979.61,494.889,473.236,86,0,1088,127.218
443,1007.467,492.297,474.186,85,0,1089,127.861
435,1001.17,488.918,474.626,84,0,1090,127.961
426,990.73,486.686,475.283,83,0,1091,126.872
395,1023.223,483.609,474.824,82,0,1092,126.761
380,1010.476,481.855,474.853,81,0,1093,127.74
358,1023.606,480.189,475.367,80,0,1094,127.206
346,1025.621,477.877,475.722,79,0,1095,125.33
331,1026.71,475.957,475.996,78,0,1096,127.455
316,1025.987,474.283,476.319,77,0,153,127.768
283,1205.569,519.134,426.095,119,0,1098,135.775
295,1154.112,517.94,426.554,118,0,1099,134.881
287,1159.209,515.473,427.918,117,0,1100,133.999
277,1167.455,513.471,429.802,116,0,1101,133.246
266,1150.861,512.183,432.546,115,0,1102,133.743
257,1161.249,510.995,434.656,114,0,1103,133.234
229,1194.624,509.028,436.753,113,0,1104,133.582
223,1183.395,507.452,439.746,112,0,1105,132.929
215,1209.391,505.778,443.099,111,0,1106,133.745
223,1161.78,504.323,445.681,110,0,1064,132.26
407,924.111,561.524,437.594,119,0,1108,135.775
404,904.03,560.464,438.493,118,0,1109,134.881
381,904.207,560.349,438.923,117,0,1110,133.999
365,915.044,558.521,439.633,116,0,1111,133.246
354,914.257,557.185,440.468,115,0,1112,133.743
351,890.453,556.133,440.675,114,0,1113,133.234
330,903.897,554.334,441.733,113,0,1114,133.582
325,898.754,553.068,443.208,112,0,1115,132.929
504,1009.288,537.307,447.56,111,0,1116,133.745
483,1003.321,535.42,449.29,110,0,1117,132.26
479,1012.357,534.148,450.528,109,0,1118,132.5
457,999.899,534.38,451.194,108,0,1119,132.239
456,987.136,533.187,452.603,107,0,1120,131.627
436,977.539,533.212,453.565,106,0,3251,131.316
198,1143.328,557.565,450.789,119,0,1122,135.775
191,1106.759,556.929,452.225,118,0,1123,134.881
181,1115.155,555.468,453.583,117,0,1124,133.999
187,1096.813,554.701,454.155,116,0,1125,133.246
181,1093.928,552.31,455.596,115,0,1126,133.743
367,1148.093,537.479,462.142,114,0,1127,133.234
358,1167.944,536.614,463.038,113,0,1128,133.582
337,1158.754,535.393,464.229,112,0,1129,132.929
339,1170.091,534.042,465.633,111,0,1130,133.745
314,1170.825,533.127,465.966,110,0,1131,132.26
302,1184.974,531.179,467.214,109,0,1132,132.5
290,1189.452,531.347,467.565,108,0,1133,132.239
279,1176.792,529.079,469.134,107,0,1134,131.627
279,1167.656,528.062,470.707,106,0,1135,131.316
264,1166.383,526.318,471.791,105,0,1136,130.895
260,1155.454,524.811,472.538,104,0,1137,130.766
251,1150.104,524.122,473.399,103,0,1138,129.915
241,1147.763,523.422,474.404,102,0,1139,132.184
234,1132.709,523.167,475.361,101,0,1140,130.038
216,1137.657,522.302,476.131,100,0,1141,129.289
212,1118.302,521.224,476.822,99,0,1142,130.639
206,1118.388,519.802,477.854,98,0,1143,128.862
200,1109.15,517.832,478.821,97,0,1144,128.065
193,1111.477,515.72,480.059,96,0,1145,130.748
389,1144.625,500.577,483.93,95,0,1146,129.568
371,1121.348,500.537,484.328,94,0,1147,128.644
374,1091.578,500.161,484.391,93,0,1148,128.283
361,1092.59,499.388,485.076,92,0,1149,129.103
325,1078.04,498.797,484.901,91,0,1150,127.991
316,1067.519,497.992,485.034,90,0,1151,127.423
325,1063.108,497.447,486.044,89,0,1152,128.792
323,1046.706,498.156,487.318,88,0,1153,127.717
290,1067.034,497.289,488.161,87,0,1154,127.719
269,1053.026,496.26,488.52,86,0,1155,127.218
267,1090.037,495.588,489.491,85,0,1156,127.861
254,1082.244,494.562,489.889,84,0,1157,127.961
242,1106.574,492.79,490.93,83,0,1158,126.872
235,1105.8,493.758,491.418,82,0,1159,126.761
233,1075.575,492.977,491.913,81,0,1160,127.74
240,1089.883,491.417,492.663,80,0,1161,127.206
470,1105.54,473.795,491.483,79,0,1162,125.33
456,1107.48,473.787,491.981,78,0,1163,127.455
435,1121.359,473.921,492.392,77,0,1164,127.768
404,1126.037,474.002,493.337,76,0,1165,126.13
390,1106.385,473.944,493.54,75,0,1166,126.794
372,1126.538,473.806,494.14,74,0,1167,125.202
348,1104.213,473.549,494.091,73,0,1168,126.734
334,1128.946,472.817,494.258,72,0,1169,126.031
318,1120.145,471.486,494.022,71,0,1170,125.404
314,1123.787,470.827,493.719,70,0,1171,125.01
291,1114.759,469.181,493.017,69,0,1172,126.367
281,1104.267,468.073,492.097,68,0,1173,125.473
277,1103.072,467.255,491.75,67,0,1174,125.514
265,1098.358,465.92,490.977,66,0,439,125.365
416,1046.697,569.312,461.164,119,0,1176,135.775
400,1041.545,567.208,461.826,118,0,1177,134.881
374,1064.361,564.448,463.286,117,0,1178,133.999
380,1061.632,563.184,464.378,116,0,1179,133.246
356,1058.632,562.508,464.887,115,0,1180,133.743
356,1036.357,561.377,465.088,114,0,1181,133.234
352,1028.872,560.349,465.319,113,0,1182,133.582
365,1002.748,560.201,465.347,112,0,1183,132.929
360,983.661,559.128,465.789,111,0,1184,133.745
341,977.182,557.685,466.182,110,0,1185,132.26
340,995.324,555.74,467.671,109,0,1186,132.5
305,989.341,555.476,467.44,108,0,1187,132.239
300,992.533,553.919,468.08,107,0,1188,131.627
289,1003.367,552.799,468.911,106,0,1189,131.316
288,988.163,551.517,469.417,105,0,1190,130.895
278,999.165,550.325,469.75,104,0,1191,130.766
255,999.067,549.427,470.008,103,0,1192,129.915
244,1000.947,548.759,470.237,102,0,1193,132.184
459,1041.464,544.072,481.618,101,0,1194,130.038
464,1025.985,542.825,481.442,100,0,1195,129.289
428,1022.771,541.563,482.013,99,0,1196,130.639
421,1031.762,539.807,483.349,98,0,1197,128.862
399,1023.424,537.903,484.862,97,0,1198,128.065
389,1043.033,535.842,485.748,96,0,1199,130.748
368,1041.736,533.43,487.347,95,0,1200,129.568
350,1058.143,531.37,489.131,94,0,1201,128.644
348,1045.664,530.235,490.042,93,0,1202,128.283
345,1005.864,530.353,489.844,92,0,1203,129.103
356,972.435,530.093,489.563,91,0,1204,127.991
343,947.872,529.988,489.062,90,0,1205,127.423
346,950.717,529.251,489.808,89,0,1206,128.792
344,931.715,528.908,489.317,88,0,1207,127.717
324,933.682,527.193,489.709,87,0,1208,127.719
309,945,525.298,490.36,86,0,1209,127.218
299,967.023,523.593,492.292,85,0,1210,127.861
308,958.269,521.315,493.774,84,0,1211,127.961
286,976.399,519.999,494.871,83,0,1212,126.872
259,983.73,519.995,495.376,82,0,1213,126.761
458,1080.212,509.808,505.862,81,0,1214,127.74
454,1093.729,508.752,506.852,80,0,1215,127.206
451,1066.621,508.443,506.833,79,0,1216,125.33
431,1061.209,507.316,507.171,78,0,1217,127.455
431,1057.849,506.793,507.535,77,0,1218,127.768
423,1046.366,506.558,507.939,76,0,1219,126.13
416,1015.404,505.893,508.417,75,0,1220,126.794
405,1014.304,504.614,508.2,74,0,1221,125.202
387,1002.956,503.204,508.298,73,0,1222,126.734
360,1019.844,501.51,508.533,72,0,1223,126.031
347,1020.429,500.201,509.597,71,0,1224,125.404
337,1022.822,499.025,510.204,70,0,1225,125.01
318,1031.261,497.261,510.285,69,0,1226,126.367
293,1032.645,495.897,510.124,68,0,1227,125.473
279,1041.706,495.45,510.699,67,0,1228,125.514
275,1025.251,494.766,510.776,66,0,1229,125.365
258,1041.581,494.198,511.861,65,0,1230,125.655
250,1036.648,493.706,511.996,64,0,1231,125.157
506,987.381,503.504,522.15,63,0,1232,125.624
509,967.169,502.551,521.614,62,0,1233,123.535
475,984.505,500.676,520.945,61,0,1234,124.466
460,968.909,499.575,521.008,60,0,1235,124.498
441,953.023,497.839,520.259,59,0,1236,124.507
413,951.288,496.901,520.087,58,0,1237,123.845
408,937.353,495.645,519.454,57,0,1238,124.092
386,929.793,494.703,519.1,56,0,1239,123.571
373,909.105,493.602,518.836,55,0,1240,123.676
352,901.585,491.898,517.942,54,0,1241,123.098
362,877.666,491.862,517.229,53,0,1242,122.771
347,878.323,491.369,516.664,52,0,1243,123.12
335,882.663,489.758,515.219,51,0,1244,122.83
332,863.693,489.361,515.096,50,0,1245,122.378
321,850.583,488.176,513.972,49,0,1246,123.684
306,851.271,487.371,513.189,48,0,1247,122.142
294,847.18,486.092,511.787,47,0,1248,123.231
284,850.37,484.831,510.958,46,0,1249,122.636
256,843.191,483.742,510.312,45,0,460,122.489
343,1308.012,550.591,493.667,119,0,1251,135.775
327,1315.541,548.721,494.725,118,0,1252,134.881
317,1318.937,546.663,496.173,117,0,1253,133.999
302,1343.341,545.161,496.814,116,0,1254,133.246
285,1335.635,543.294,497.809,115,0,1255,133.743
277,1330.199,541.643,497.996,114,0,1256,133.234
263,1344.095,540.218,499.087,113,0,1257,133.582
258,1337.36,538.748,498.96,112,0,1258,132.929
247,1329.976,537.118,498.966,111,0,1259,133.745
254,1297.075,535.53,497.523,110,0,1260,132.26
244,1290.844,534.212,497.716,109,0,1261,132.5
228,1291.943,534.669,496.616,108,0,1262,132.239
230,1289.822,533.048,497.525,107,0,1263,131.627
209,1292.995,532.301,499.002,106,0,1264,131.316
212,1307.981,530.805,497.657,105,0,1265,130.895
210,1282.433,528.397,498.212,104,0,1266,130.766
206,1266.073,526.956,498.686,103,0,1267,129.915
385,1318.288,517.686,510.005,102,0,1268,132.184
375,1301.115,516.575,510.574,101,0,1269,130.038
378,1296.437,515.34,511.01,100,0,1270,129.289
363,1293.766,514.329,511.191,99,0,1271,130.639
350,1297.409,513.124,511.682,98,0,1272,128.862
315,1287.581,512.023,511.775,97,0,1273,128.065
310,1314.826,510.517,511.314,96,0,1274,130.748
303,1301.512,508.721,510.584,95,0,1275,129.568
288,1303.66,507.417,510.514,94,0,1276,128.644
278,1275.259,506.499,510.122,93,0,1277,128.283
275,1267.353,505.337,509.964,92,0,1278,129.103
267,1237.801,504.157,509.708,91,0,1279,127.991
267,1213.596,503.218,509.709,90,0,1280,127.423
267,1223.876,502.63,510.828,89,0,1281,128.792
258,1213.496,502.308,511.37,88,0,1282,127.717
248,1218.919,501.815,512.733,87,0,1283,127.719
236,1214.936,501.17,513.621,86,0,1284,127.218
224,1248.696,500.962,514.731,85,0,1285,127.861
205,1272.224,499.857,515.714,84,0,1286,127.961
196,1272.842,500.124,515.542,83,0,1287,126.872
197,1256.142,500.666,515.302,82,0,1213,126.761
325,1340.194,561.641,499.859,119,0,1289,135.775
322,1341.006,560.351,500.17,118,0,1290,134.881
310,1298.865,559.11,500.008,117,0,1291,133.999
311,1305.347,557.963,499.64,116,0,1292,133.246
302,1270.083,556.458,499.467,115,0,1293,133.743
302,1260.156,554.782,499.168,114,0,1294,133.234
292,1220.182,553.854,498.699,113,0,1295,133.582
274,1228.938,552.08,499.205,112,0,1296,132.929
252,1209.798,550.118,499.427,111,0,1297,133.745
239,1205.435,548.46,499.435,110,0,1298,132.26
221,1216.593,547.356,499.449,109,0,1299,132.5
232,1199.888,547.377,499.562,108,0,1300,132.239
210,1194.171,546.111,499.266,107,0,1301,131.627
206,1205.617,545.201,499.548,106,0,1302,131.316
188,1209.787,544.113,498.342,105,0,1303,130.895
188,1181.011,543.218,497.267,104,0,1304,130.766
193,1179.798,542.283,495.944,103,0,1305,129.915
178,1182.022,540.816,494.708,102,0,1193,132.184
282,1145.199,567.166,516.569,119,0,1307,135.775
278,1124.306,565.961,516.539,118,0,1308,134.881
266,1106.47,564.812,516.307,117,0,1309,133.999
261,1103.716,563.785,516.528,116,0,1310,133.246
257,1063.86,562.949,516.327,115,0,1311,133.743
254,1052.886,561.7,516.076,114,0,1312,133.234
255,1029.949,560.901,516.112,113,0,1313,133.582
254,1020.453,559.863,516.112,112,0,1314,132.929
255,1002.337,558.493,515.73,111,0,1315,133.745
247,965.583,556.81,514.903,110,0,1316,132.26
247,969.988,555.555,514.468,109,0,1317,132.5
241,974.154,555.476,513.91,108,0,1318,132.239
236,961.004,554.252,512.967,107,0,1319,131.627
216,980.514,553.42,513.339,106,0,1320,131.316
211,971.156,551.665,511.857,105,0,1321,130.895
199,952.739,551.022,510.908,104,0,1322,130.766
201,944.383,548.915,511.058,103,0,1323,129.915
188,971.032,546.894,510.449,102,0,1324,132.184
352,1018.994,540.027,520.658,101,0,1325,130.038
338,1020.485,538.781,521.659,100,0,1326,129.289
324,1023.179,537.563,521.985,99,0,1327,130.639
317,1023.703,536.662,522.011,98,0,1328,128.862
305,1026.216,535.097,522.335,97,0,1329,128.065
297,1034.818,533.618,523.12,96,0,1330,130.748
287,1018.54,532.168,522.411,95,0,1331,129.568
273,1031.033,530.553,523.158,94,0,1332,128.644
266,1033.083,529.404,523.173,93,0,1333,128.283
259,1020.224,527.719,523.428,92,0,1334,129.103
248,1025.665,525.818,523.977,91,0,1335,127.991
249,1024.378,523.588,523.007,90,0,1336,127.423
236,1050.941,521.758,523.182,89,0,1337,128.792
239,1043.356,521.024,524.714,88,0,1338,127.717
222,1043.527,520.197,525.979,87,0,1339,127.719
469,978.554,527.039,539.025,86,0,1340,127.218
453,999.581,526.572,538.612,85,0,1341,127.861
444,1001.383,525.721,537.954,84,0,1342,127.961
417,1009.482,524.836,537.501,83,0,1343,126.872
399,1011.732,524.923,536.613,82,0,1344,126.761
393,1005.308,524.58,536.503,81,0,1345,127.74
387,1007.594,524.182,536.276,80,0,1346,127.206
375,1001.632,523.777,536.132,79,0,1347,125.33
368,1001.641,522.989,535.553,78,0,1348,127.455
355,996.851,522.846,535.195,77,0,1349,127.768
355,989.327,522.6,535.091,76,0,1350,126.13
344,987.753,521.718,534.475,75,0,1351,126.794
325,988.825,520.896,534.166,74,0,1352,125.202
339,973.507,520.54,534.447,73,0,1353,126.734
330,965.427,520.322,534.216,72,0,1354,126.031
322,956.649,519.862,534.156,71,0,1355,125.404
322,954.258,519.626,533.842,70,0,1356,125.01
305,964.239,518.923,533.563,69,0,1357,126.367
303,956.518,518.647,533.833,68,0,1358,125.473
284,983.919,518.102,534.33,67,0,1359,125.514
276,963.409,517.335,534.226,66,0,1360,125.365
266,965.282,517.234,534.936,65,0,1361,125.655
264,953.322,516.515,534.446,64,0,1231,125.157
319,1549.398,527.413,527.049,119,0,1363,135.775
322,1555.733,526.779,527.213,118,0,1364,134.881
303,1539.284,526.625,527.122,117,0,1365,133.999
303,1529.29,526.746,527.437,116,0,1366,133.246
292,1501.983,526.948,527.36,115,0,1367,133.743
281,1512.21,526.032,526.718,114,0,1368,133.234
289,1497.349,525.609,526.394,113,0,1369,133.582
271,1492.616,524.648,526.412,112,0,1370,132.929
258,1494.473,523.733,526.275,111,0,1371,133.745
251,1482.155,521.711,526.114,110,0,1372,132.26
240,1496.029,520.865,526.34,109,0,1373,132.5
240,1485.233,521.339,526.467,108,0,1374,132.239
241,1453.427,521.188,526.606,107,0,1375,131.627
231,1466.498,521.66,527.029,106,0,1376,131.316
239,1410.498,522.884,526.969,105,0,1377,130.895
220,1407.909,523.67,525.8,104,0,1378,130.766
208,1412.784,523.868,524.737,103,0,1379,129.915
453,1400.521,521.11,540.339,102,0,1380,132.184
448,1374.627,520.954,539.493,101,0,1381,130.038
440,1367.055,520.452,538.851,100,0,1382,129.289
429,1352.984,519.871,537.503,99,0,1383,130.639
401,1352.626,519.391,536.468,98,0,1384,128.862
378,1339.987,518.559,535.431,97,0,1385,128.065
374,1366.816,517.718,535.453,96,0,1386,130.748
375,1343.227,516.732,535.516,95,0,1387,129.568
350,1347.931,516.119,535.161,94,0,1388,128.644
344,1322.343,515.618,535.452,93,0,1389,128.283
341,1332.211,514.99,535.993,92,0,1390,129.103
343,1300.335,513.95,537.62,91,0,1391,127.991
330,1301.448,512.791,537.947,90,0,1392,127.423
302,1325.874,512.394,539.52,89,0,1393,128.792
294,1316.136,511.8,540.453,88,0,1394,127.717
291,1335.381,511.288,540.831,87,0,1395,127.719
281,1331.203,510.838,540.592,86,0,1396,127.218
266,1326.774,510.748,540.753,85,0,1397,127.861
255,1322.18,510.729,540.874,84,0,1398,127.961
236,1313.674,510.275,540.931,83,0,1399,126.872
240,1306.521,510.629,539.844,82,0,1400,126.761
227,1278.7,510.203,539.716,81,0,1401,127.74
218,1269.528,510.124,539.608,80,0,1402,127.206
216,1233.065,510.242,539.837,79,0,1403,125.33
214,1241.042,509.84,540.314,78,0,1404,127.455
202,1230.599,509.913,539.861,77,0,1405,127.768
194,1240.825,509.911,539.996,76,0,1406,126.13
184,1213.772,509.603,540.257,75,0,1407,126.794
176,1240.347,509.78,540.648,74,0,1408,125.202
171,1222.281,510.07,541.768,73,0,1409,126.734
162,1232.815,509.943,541.861,72,0,1410,126.031
162,1215.525,510.204,542.343,71,0,1411,125.404
156,1222.577,510.812,543.161,70,0,1412,125.01
422,1006.986,519.524,555.97,69,0,1413,126.367
415,986.318,519.24,555.889,68,0,1414,125.473
413,965.351,519.434,556.258,67,0,1415,125.514
405,957.583,519.207,555.8,66,0,1416,125.365
406,963.096,518.629,555.428,65,0,1417,125.655
402,933.846,519.486,556.175,64,0,1418,125.157
408,930.333,518.53,555.391,63,0,1419,125.624
401,913.137,518.475,555.316,62,0,1420,123.535
408,899.147,518.016,554.768,61,0,1421,124.466
390,900.972,517.88,554.449,60,0,1422,124.498
397,870.627,516.986,553.643,59,0,1423,124.507
392,862.577,516.89,553.751,58,0,1424,123.845
394,846.353,516.134,553.117,57,0,1425,124.092
377,826.605,515.806,552.768,56,0,1426,123.571
373,805.228,516.095,552.952,55,0,1427,123.676
370,790.176,514.623,552.133,54,0,1428,123.098
367,771.828,514.509,551.944,53,0,1429,122.771
350,788.077,513.061,550.986,52,0,1430,123.12
339,790.021,511.438,550.076,51,0,1431,122.83
310,796.387,510.025,549.604,50,0,1432,122.378
303,805.172,508.367,548.18,49,0,1433,123.684
301,804.565,506.911,547.011,48,0,1434,122.142
489,884.691,494.255,537.555,47,0,1435,123.231
481,887.819,493.386,537.222,46,0,1436,122.636
463,888.151,492.263,536.563,45,0,1437,122.489
445,890.218,491.678,536.256,44,0,1438,123.077
450,873.716,491.142,535.881,43,0,1439,123.097
460,851.939,491.672,536.633,42,0,1440,123.34
442,850.511,490.612,535.548,41,0,1441,123.611
440,824.836,490.187,535.359,40,0,1442,122.985
441,815.492,490.055,535.546,39,0,1443,122.295
444,807.286,489.912,535.568,38,0,1444,121.738
410,807.824,489.096,534.965,37,0,1445,121.153
403,798.283,488.763,535.003,36,0,1446,122.742
389,806.201,487.552,534.051,35,0,1447,122.383
368,802.519,487.483,534.142,34,0,1448,121.625
364,814.86,486.117,532.986,33,0,1449,121.993
345,805,485.375,532.378,32,0,1450,122.382
357,789.524,484.435,531.266,31,0,1451,122.976
350,799.354,483.665,530.803,30,0,577,122.213
286,1500.983,517.537,514.409,119,0,1453,135.775
272,1498.342,516.68,514.842,118,0,1454,134.881
262,1493.485,515.469,515.262,117,0,1455,133.999
247,1520.198,515.748,515.405,116,0,1456,133.246
250,1499.172,514.709,515.82,115,0,1457,133.743
243,1483.399,514.361,515.063,114,0,1458,133.234
223,1467.785,513.213,514.945,113,0,1459,133.582
233,1445.691,512.057,515.576,112,0,1460,132.929
213,1439.108,511.498,516.091,111,0,1461,133.745
212,1441.16,510.369,516.396,110,0,1462,132.26
195,1457.482,509.383,517.133,109,0,1463,132.5
187,1445.005,510.802,517.124,108,0,1464,132.239
186,1450.398,509.826,517.645,107,0,1465,131.627
178,1445.978,509.508,518.782,106,0,1466,131.316
186,1419.683,509.612,519.356,105,0,1467,130.895
182,1402.038,510.304,521.258,104,0,1468,130.766
181,1361.928,509.934,521.986,103,0,1267,129.915
202,1344.98,530.941,493.31,119,0,1470,135.775
193,1351.446,529.841,493.58,118,0,1471,134.881
197,1329.832,529.282,493.901,117,0,1472,133.999
186,1333.21,527.657,494.79,116,0,1473,133.246
177,1340.785,524.375,496.912,115,0,1474,133.743
168,1325.077,522.073,497.515,114,0,1475,133.234
160,1331.688,520.123,498.639,113,0,1476,133.582
155,1312.574,518.432,500.302,112,0,1477,132.929
152,1320.717,516.151,501.652,111,0,1478,133.745
135,1306.267,514.932,501.703,110,0,1479,132.26
134,1321.284,514.029,502.452,109,0,1480,132.5
129,1336.078,515.006,502.223,108,0,1481,132.239
125,1321.368,512.342,503.705,107,0,1482,131.627
134,1322.187,512.303,504.451,106,0,1483,131.316
136,1284.772,507.095,505.95,105,0,1484,130.895
303,1326.845,492.428,511.375,104,0,1485,130.766
301,1313.329,490.935,512.018,103,0,1486,129.915
273,1313.788,490.522,511.725,102,0,1487,132.184
269,1307.654,489.205,512.66,101,0,1488,130.038
245,1306.731,488.81,512.967,100,0,1489,129.289
245,1301.265,487.548,512.798,99,0,1490,130.639
240,1297.042,487.667,512.636,98,0,1491,128.862
219,1290.489,487.174,513.431,97,0,1492,128.065
205,1312.137,486.035,514.031,96,0,1493,130.748
204,1307.902,484.373,514.245,95,0,1494,129.568
187,1325.171,482.999,515.136,94,0,1495,128.644
183,1339.213,482.547,515.622,93,0,1496,128.283
174,1346.385,480.705,516.027,92,0,1497,129.103
171,1335.532,480.11,516.198,91,0,1498,127.991
166,1338.175,478.975,516.321,90,0,1499,127.423
168,1344.917,477.645,517.252,89,0,1500,128.792
150,1332.58,476.403,518.015,88,0,1501,127.717
316,1326.668,462.077,520.008,87,0,1502,127.719
316,1307.269,461.676,519.368,86,0,1503,127.218
296,1316.909,463.844,518.758,85,0,1504,127.861
293,1303.782,463.835,518.363,84,0,1505,127.961
269,1287.164,465.125,518.326,83,0,1506,126.872
252,1314.31,465.572,517.757,82,0,1507,126.761
244,1303.43,465.454,517.709,81,0,1508,127.74
230,1308.248,466.115,517.866,80,0,1509,127.206
229,1288.926,465.206,517.959,79,0,1510,125.33
218,1315.188,464.262,517.859,78,0,1511,127.455
206,1284.286,464.329,517.739,77,0,1512,127.768
211,1265.261,464.747,517.6,76,0,1513,126.13
195,1254.159,465.322,518.155,75,0,1514,126.794
193,1278.145,465.05,518.35,74,0,1515,125.202
177,1245.893,464.259,518.235,73,0,1516,126.734
170,1268.188,463.767,517.871,72,0,1517,126.031
170,1260.124,463.785,518.199,71,0,1518,125.404
156,1255.647,463.246,518.307,70,0,1519,125.01
151,1230.874,463.117,517.888,69,0,1520,126.367
155,1198.077,462.281,517.945,68,0,1521,125.473
401,1068.509,444.797,513.651,67,0,1522,125.514
384,1048.185,445.5,513.666,66,0,1523,125.365
369,1058.835,446.069,513.686,65,0,1524,125.655
369,1049.71,446.946,514.061,64,0,1525,125.157
340,1058.418,446.932,513.799,63,0,1526,125.624
345,1046.919,447.197,513.862,62,0,1527,123.535
325,1082.114,448.193,513.971,61,0,1528,124.466
318,1094.245,449.075,513.995,60,0,1529,124.498
307,1077.876,448.912,513.519,59,0,1530,124.507
301,1073.296,448.873,513.516,58,0,1531,123.845
297,1085.293,449.567,513.661,57,0,1532,124.092
296,1073.341,449.678,513.301,56,0,1533,123.571
283,1079.071,449.822,513.209,55,0,1534,123.676
279,1055.638,449.423,512.832,54,0,1535,123.098
281,1051.093,449.909,512.687,53,0,1536,122.771
266,1062.132,449.626,512.665,52,0,1537,123.12
261,1042.628,450.006,512.77,51,0,1538,122.83
247,1043.405,449.563,512.55,50,0,1539,122.378
225,1049.338,450.605,513.876,49,0,676,123.684
191,1305.529,532.382,479.678,119,0,1541,135.775
185,1301.249,529.855,480.52,118,0,1542,134.881
176,1302.432,527.573,481.413,117,0,1543,133.999
176,1303.494,527.254,481.454,116,0,1544,133.246
170,1301.194,526.853,481.932,115,0,1545,133.743
170,1290.906,526.913,481.818,114,0,1546,133.234
164,1272.652,526.286,482.505,113,0,1547,133.582
313,1340.872,514.184,488.973,112,0,1548,132.929
291,1341.663,513.007,489.907,111,0,1549,133.745
269,1331.907,510.909,490.552,110,0,1550,132.26
273,1333.051,510.484,491.247,109,0,1551,132.5
267,1326.978,510.303,491.778,108,0,1552,132.239
260,1321.088,509.988,491.892,107,0,1553,131.627
253,1292.328,510.356,492.503,106,0,1554,131.316
238,1294.815,510.085,492.212,105,0,1555,130.895
227,1296.925,508.984,492.604,104,0,1556,130.766
225,1288.018,507.773,493.13,103,0,1557,129.915
204,1293.819,505.24,494.178,102,0,1558,132.184
208,1297.034,502.985,495.412,101,0,1559,130.038
196,1286.638,501.169,496.262,100,0,1560,129.289
181,1286.718,499.754,496.402,99,0,1561,130.639
378,1326.278,483.865,500.898,98,0,1562,128.862
366,1314.811,483.273,501.702,97,0,1563,128.065
360,1328.064,481.022,502.582,96,0,1564,130.748
338,1328.592,479.913,502.6,95,0,1565,129.568
331,1345.755,479.03,503.225,94,0,1566,128.644
321,1332.804,478.413,503.888,93,0,1567,128.283
304,1318.668,478.537,504.065,92,0,1568,129.103
307,1311.055,478.777,503.726,91,0,1569,127.991
300,1310.223,478.637,503.429,90,0,1570,127.423
289,1290.893,479.347,503.805,89,0,1571,128.792
286,1262.626,480.272,504.341,88,0,1572,127.717
275,1275.335,480.739,504.515,87,0,1573,127.719
273,1236.821,481.386,504.411,86,0,1574,127.218
256,1268.18,480.972,504.844,85,0,1575,127.861
255,1260.196,481.64,504.815,84,0,1576,127.961
233,1255.987,481,505,83,0,1577,126.872
226,1267.292,481.82,505.295,82,0,1578,126.761
232,1241.341,481.467,505.527,81,0,1579,127.74
214,1257.645,481.414,506.354,80,0,1580,127.206
204,1230.191,481.644,506.853,79,0,1581,125.33
194,1238.758,480.756,507.483,78,0,1582,127.455
194,1240.546,480.814,507.821,77,0,1583,127.768
181,1236.845,480.672,508.786,76,0,1584,126.13
183,1220.645,480.819,509.36,75,0,1585,126.794
166,1228.602,480.012,510.558,74,0,1586,125.202
167,1214.287,479.6,511.076,73,0,1587,126.734
154,1213.169,479.735,511.675,72,0,1588,126.031
158,1205.443,479.255,511.663,71,0,1589,125.404
150,1195.247,479.101,511.319,70,0,1590,125.01
144,1209.278,477.266,509.894,69,0,1591,126.367
139,1194.058,474.734,509.218,68,0,1592,125.473
298,1166.762,461.724,505.396,67,0,1593,125.514
288,1178.271,460.673,504.924,66,0,1594,125.365
281,1171.52,459.355,504.346,65,0,1595,125.655
274,1162.172,458.423,504.139,64,0,1596,125.157
265,1166.747,456.919,503.856,63,0,1597,125.624
263,1144.171,456.986,503.739,62,0,1598,123.535
249,1131.916,456.435,503.264,61,0,1599,124.466
245,1129.061,456.671,503.231,60,0,1600,124.498
237,1102.578,456.119,502.843,59,0,1601,124.507
229,1092.205,457.127,503.243,58,0,1602,123.845
217,1083.599,457.392,503.376,57,0,1603,124.092
217,1069.82,457.448,502.858,56,0,1604,123.571
209,1070.502,458.004,503.21,55,0,1605,123.676
211,1055.076,457.484,502.981,54,0,1606,123.098
191,1069.319,459.291,503.767,53,0,1607,122.771
194,1073.789,459.839,504.454,52,0,1608,123.12
178,1066.691,459.579,504.216,51,0,1609,122.83
176,1060.216,459.763,504.494,50,0,1610,122.378
176,1043.33,459.824,505.182,49,0,1611,123.684
174,1023.057,460.028,505.476,48,0,1612,122.142
178,1016.376,460.152,505.884,47,0,1613,123.231
171,1026.251,459.922,506.223,46,0,1614,122.636
169,1023.059,460.008,506.399,45,0,1615,122.489
168,1000.125,460.513,507.357,44,0,1616,123.077
159,998.082,460.614,507.204,43,0,1617,123.097
156,1011.474,461.523,507.988,42,0,1618,123.34
154,1001.013,461.067,507.603,41,0,566,123.611
201,1297.303,529.476,465.976,119,0,1620,135.775
201,1279.373,528.175,466.612,118,0,1621,134.881
195,1258.882,527.294,466.722,117,0,1622,133.999
185,1246.6,526.974,466.737,116,0,1623,133.246
173,1241.844,526.796,467.606,115,0,1126,133.743
242,1256.343,523.536,442.846,119,0,1625,135.775
259,1210.185,522.731,443.749,118,0,1626,134.881
250,1202.492,522.831,445.118,117,0,1627,133.999
240,1198.267,522.517,446.531,116,0,1628,133.246
227,1182.485,522.723,448.163,115,0,1629,133.743
236,1168.614,521.466,447.717,114,0,1630,133.234
217,1171.945,521.182,448.67,113,0,1631,133.582
213,1154.915,520.996,450.109,112,0,1115,132.929
248,1340.202,503.749,446.06,119,0,1633,135.775
251,1322.653,503.252,448.2,118,0,1634,134.881
252,1301.802,502.516,449.846,117,0,1635,133.999
244,1321.963,502.394,451.572,116,0,1636,133.246
245,1323.612,502.263,453.836,115,0,1637,133.743
247,1318.972,501.561,455.857,114,0,1638,133.234
239,1313.36,501.416,457.549,113,0,1639,133.582
227,1328.115,500.504,459.415,112,0,1640,132.929
224,1341.866,500.386,462.565,111,0,1641,133.745
227,1310.185,497.851,464.365,110,0,1642,132.26
212,1317.665,495.459,465.905,109,0,1643,132.5
196,1336.148,496.318,466.696,108,0,1644,132.239
398,1355.271,480.862,466.115,107,0,1645,131.627
392,1328.209,481.111,467.101,106,0,1646,131.316
383,1316.966,480.49,467.72,105,0,1647,130.895
367,1310.485,480.674,467.975,104,0,1648,130.766
346,1302.249,479.338,468.901,103,0,1649,129.915
339,1305.935,479.398,469.344,102,0,1650,132.184
342,1284.015,478.829,470.362,101,0,1651,130.038
323,1296.418,478.929,471.445,100,0,1652,129.289
303,1303.983,476.406,472.112,99,0,1653,130.639
291,1303.715,473.358,473.033,98,0,1654,128.862
278,1289.496,469.994,474.399,97,0,1655,128.065
265,1299.517,466.635,474.985,96,0,1656,130.748
262,1283.195,465.109,474.949,95,0,1657,129.568
265,1249.509,464.156,475.157,94,0,1658,128.644
260,1222.9,462.521,474.943,93,0,1033,128.283
237,1395.447,489.275,453.117,119,0,1660,135.775
235,1383.502,487.242,455.05,118,0,1661,134.881
233,1374.871,484.946,457.013,117,0,1662,133.999
229,1386.135,483.065,458.005,116,0,1663,133.246
233,1365.777,482.074,459.093,115,0,1664,133.743
221,1389.367,479.13,459.927,114,0,1665,133.234
211,1409.161,476.762,460.899,113,0,1666,133.582
205,1407.712,473.81,462.158,112,0,1667,132.929
197,1405.081,470.667,461.835,111,0,1668,133.745
192,1396.031,468.508,463.159,110,0,1669,132.26
186,1420.242,467.745,464.032,109,0,1670,132.5
194,1398.309,468.901,463.979,108,0,1644,132.239
264,1419.61,469.038,461.5,119,0,1672,135.775
251,1398.566,467.183,463.237,118,0,1673,134.881
251,1390.526,464.603,464.895,117,0,1674,133.999
239,1419.423,461.59,466.005,116,0,1675,133.246
235,1378.472,460.719,467.289,115,0,1676,133.743
223,1394.709,457.555,467.392,114,0,1677,133.234
211,1407.502,454.452,467.639,113,0,1678,133.582
202,1411.762,452.487,468.805,112,0,1679,132.929
199,1410.94,450.321,470.029,111,0,1680,133.745
195,1398.985,449.701,471.068,110,0,1016,132.26
203,1257.414,500.993,469.609,119,0,1682,135.775
180,1252.872,501.064,470.397,118,0,1683,134.881
176,1254.045,499.734,470.866,117,0,1684,133.999
178,1272.101,498.328,471.766,116,0,1685,133.246
153,1249.621,495.152,472.592,115,0,1686,133.743
154,1292.019,491.242,473.312,114,0,1687,133.234
159,1277.013,488.288,473.968,113,0,1688,133.582
340,1281.565,472.377,480.444,112,0,1689,132.929
347,1277.317,470.52,481.3,111,0,1690,133.745
319,1279.135,468.43,482.324,110,0,1691,132.26
312,1270.564,466.89,482.853,109,0,1692,132.5
294,1274.752,465.282,482.639,108,0,1693,132.239
286,1280.129,463.207,482.591,107,0,1694,131.627
272,1272.809,462.272,483.446,106,0,1695,131.316
268,1252.377,459.923,484.121,105,0,1696,130.895
253,1232.115,459.283,484.142,104,0,1697,130.766
256,1226.77,458.316,485.271,103,0,1698,129.915
247,1235.838,457.936,484.94,102,0,1699,132.184
234,1220.679,457.029,485.019,101,0,1700,130.038
231,1216.701,457.374,483.909,100,0,1701,129.289
212,1205.59,457.044,483.834,99,0,1702,130.639
222,1202.144,456.301,484.216,98,0,1703,128.862
397,1219.542,440.784,479.622,97,0,1704,128.065
378,1220.577,441.264,480.621,96,0,1705,130.748
335,1216.469,442.843,481.506,95,0,1706,129.568
347,1203.798,443.298,481.867,94,0,1707,128.644
342,1187.55,444.035,482.218,93,0,1708,128.283
335,1184.275,444.501,483.252,92,0,1709,129.103
335,1151.663,446.474,484.401,91,0,1710,127.991
339,1125.431,447.111,484.743,90,0,1711,127.423
346,1125.217,447.431,484.588,89,0,1712,128.792
340,1121.788,450.933,484.836,88,0,1713,127.717
328,1118.22,452.894,485.385,87,0,1714,127.719
323,1108.693,453.645,485.285,86,0,1715,127.218
288,1110.01,454.985,486.126,85,0,1716,127.861
301,1125.495,455.55,486.797,84,0,1717,127.961
283,1145.562,455.688,487.536,83,0,1718,126.872
273,1137.641,458.111,488.243,82,0,1719,126.761
266,1139.455,457.861,488.607,81,0,1720,127.74
241,1150.859,457.972,489.489,80,0,1161,127.206
220,1438.1,500.294,484.2,119,0,1722,135.775
217,1425.548,498.968,484.63,118,0,1723,134.881
211,1411.829,498.33,484.734,117,0,1724,133.999
394,1432.972,484.769,489.287,116,0,1725,133.246
388,1417.521,485.789,488.67,115,0,1726,133.743
373,1386.925,485.848,487.869,114,0,1727,133.234
358,1375.148,486.169,487.531,113,0,1728,133.582
348,1353.698,486.294,487.642,112,0,1729,132.929
347,1335.375,486.763,487.808,111,0,1730,133.745
313,1323.971,487.403,487.647,110,0,1731,132.26
302,1321.728,487.353,487.914,109,0,1732,132.5
304,1324.484,489.018,487.236,108,0,1733,132.239
287,1323.247,488.003,487.18,107,0,1734,131.627
278,1313.486,488.108,487.586,106,0,1735,131.316
259,1305.927,487.268,487.682,105,0,1736,130.895
258,1305.326,486.577,487.618,104,0,1737,130.766
252,1304.556,486.687,487.635,103,0,1738,129.915
244,1300.803,486.666,487.372,102,0,1739,132.184
236,1265.708,486.691,487.493,101,0,1740,130.038
228,1263.776,487.22,487.721,100,0,1741,129.289
235,1256.677,488.079,487.232,99,0,1742,130.639
205,1248.146,489.39,486.627,98,0,1743,128.862
207,1228.589,488.558,487.135,97,0,1744,128.065
200,1228.15,488.827,487.218,96,0,1145,130.748
153,1414.922,504.167,495.963,119,0,1746,135.775
151,1398.728,503.111,496.547,118,0,1747,134.881
150,1397.333,502.129,496.976,117,0,1748,133.999
147,1399.748,502.645,496.846,116,0,1749,133.246
149,1379.711,502.592,496.684,115,0,1750,133.743
148,1389.723,504.361,494.56,114,0,1751,133.234
138,1401.399,504.69,493.801,113,0,1547,133.582
222,1427.297,493.791,512.885,119,0,1753,135.775
207,1413.039,494.303,512.096,118,0,1754,134.881
202,1403.688,493.728,512.127,117,0,1755,133.999
209,1419.349,493.167,512.587,116,0,1756,133.246
174,1379.132,490.604,513.168,115,0,1757,133.743
186,1398.855,488.195,513.279,114,0,1758,133.234
170,1387.706,486.465,513.598,113,0,1759,133.582
167,1383.898,486.387,513.654,112,0,1760,132.929
172,1408.535,485.046,514.355,111,0,1761,133.745
162,1389.858,484.558,514.771,110,0,1762,132.26
160,1410.344,484.428,514.712,109,0,1763,132.5
151,1384.371,486.654,514.029,108,0,1764,132.239
154,1381.201,485.074,513.199,107,0,1765,131.627
154,1387.643,485.272,514.111,106,0,1766,131.316
144,1386.382,482.969,514.555,105,0,1484,130.895
162,1510.08,475.345,506.256,119,0,1768,135.775
155,1493.355,475.439,505.893,118,0,1769,134.881
144,1478.153,475.746,506.011,117,0,1770,133.999
143,1490.608,476.313,505.052,116,0,1771,133.246
308,1489.169,465.403,507.304,115,0,1772,133.743
300,1475.377,468.83,506.193,114,0,1773,133.234
299,1488.268,469.779,506.474,113,0,1774,133.582
285,1459.505,468.935,506.95,112,0,1775,132.929
273,1467.916,468.744,507.266,111,0,1776,133.745
271,1442.852,469.31,506.892,110,0,1777,132.26
261,1462.326,469.366,506.781,109,0,1778,132.5
261,1449.778,469.873,506.036,108,0,1779,132.239
250,1432.6,469.818,504.968,107,0,1780,131.627
241,1421.855,470.834,505.134,106,0,1781,131.316
237,1399.755,471.767,505.03,105,0,1782,130.895
236,1390.051,471.865,505.098,104,0,1783,130.766
217,1391.995,472.384,505.375,103,0,1784,129.915
196,1385.388,471.617,504.881,102,0,1785,132.184
204,1350.799,470.9,505.047,101,0,1786,130.038
210,1356.519,470.725,505.147,100,0,1787,129.289
198,1356.707,471.033,504.649,99,0,1561,130.639
228,1477.031,467.408,495.56,119,0,1789,135.775
215,1488.744,467.643,495.442,118,0,1790,134.881
213,1460.901,468.869,495.008,117,0,1724,133.999
207,1337.879,467.439,482.431,119,0,1792,135.775
212,1331.736,467.43,482.909,118,0,1793,134.881
188,1321.803,466.26,483.378,117,0,1794,133.999
190,1337.479,465.226,483.584,116,0,1795,133.246
186,1325.527,464.005,483.609,115,0,1796,133.743
172,1315.971,461.34,484.661,114,0,1797,133.234
181,1300.757,460.471,485.295,113,0,1688,133.582
324,1438.136,448.659,471.224,119,0,1799,135.775
303,1456.251,445.566,471.185,118,0,1800,134.881
286,1456.038,442.397,471.971,117,0,1801,133.999
254,1479.906,439.561,472.35,116,0,1802,133.246
237,1465.004,437.396,473.353,115,0,1803,133.743
458,1419.882,419.103,468.432,114,0,1804,133.234
455,1410.615,418.75,468.456,113,0,1805,133.582
431,1394.647,418.454,469.291,112,0,1806,132.929
402,1395.878,417.443,469.701,111,0,1807,133.745
375,1368.992,416.267,469.729,110,0,1808,132.26
358,1371.324,416.343,470.38,109,0,1809,132.5
348,1367.368,416.782,469.743,108,0,1810,132.239
322,1370.814,416.454,470.19,107,0,1811,131.627
308,1343.425,418.171,471.238,106,0,1812,131.316
294,1305.17,418.628,471.482,105,0,1813,130.895
289,1277.83,420.292,472.198,104,0,1814,130.766
260,1278.065,420.331,472.595,103,0,1815,129.915
250,1264.016,419.903,471.888,102,0,1816,132.184
231,1246.844,420.04,472.066,101,0,1817,130.038
219,1248.963,420.067,472.031,100,0,1818,129.289
218,1233.908,421.178,472.354,99,0,1819,130.639
201,1241.189,421.124,471.996,98,0,1703,128.862
271,1429.974,403.711,460.408,119,0,1821,135.775
256,1442.691,401.465,461.687,118,0,1822,134.881
240,1438.888,400.499,462.618,117,0,1823,133.999
232,1442.552,400.744,462.983,116,0,1824,133.246
234,1423.628,401.391,463.936,115,0,1803,133.743
206,1460.922,392.702,471.606,119,0,1826,135.775
199,1482.322,392.977,473.329,118,0,1827,134.881
188,1476.048,393.378,474.588,117,0,1828,133.999
193,1486.187,393.441,474.568,116,0,1829,133.246
195,1448.821,392.975,474.838,115,0,1830,133.743
404,1457.448,409.77,478.476,114,0,1831,133.234
398,1438.352,411.055,479.013,113,0,1832,133.582
386,1426.824,410.612,479.628,112,0,1833,132.929
383,1426.674,410.876,480.474,111,0,1834,133.745
357,1416.72,410.687,481.186,110,0,1835,132.26
366,1423.128,411.807,481.91,109,0,1836,132.5
346,1427.009,413.078,481.71,108,0,1837,132.239
338,1430.411,413.117,482.277,107,0,1838,131.627
323,1425.325,414.587,483.646,106,0,1839,131.316
302,1419.639,414.8,483.959,105,0,1840,130.895
303,1420.323,415.824,484.546,104,0,1841,130.766
296,1413.824,416.806,485.006,103,0,1842,129.915
290,1417.593,418.25,485.563,102,0,1843,132.184
284,1403.493,419.334,486.177,101,0,1844,130.038
272,1417.676,421.485,487.377,100,0,1845,129.289
269,1407.297,423.071,487.717,99,0,1846,130.639
268,1399.91,424.154,487.789,98,0,1847,128.862
250,1389.332,426.461,488.816,97,0,1848,128.065
254,1405.61,426.968,489.213,96,0,1849,130.748
242,1401.707,427.46,489.251,95,0,1850,129.568
228,1415.289,428.565,490.075,94,0,1851,128.644
225,1397.52,428.094,489.841,93,0,1852,128.283
223,1390.072,428.177,490.485,92,0,1853,129.103
218,1369.193,427.498,490.601,91,0,1854,127.991
222,1327.622,425.998,490.796,90,0,1855,127.423
211,1360.536,425.331,491.439,89,0,896,128.792
275,1453.371,430.646,482.918,119,0,1857,135.775
271,1455.642,430.207,482.54,118,0,1858,134.881
249,1467.695,429.272,482.209,117,0,1859,133.999
231,1509.411,427.424,481.872,116,0,1860,133.246
219,1489.342,424.833,482.254,115,0,1830,133.743
292,1481.925,424.856,493.96,119,0,1862,135.775
290,1472.379,426.467,494.999,118,0,1863,134.881
285,1482.028,427.19,494.805,117,0,1864,133.999
283,1475.049,429.178,495.69,116,0,1865,133.246
278,1469.227,430.653,496.549,115,0,1866,133.743
268,1462.787,432.775,497.387,114,0,1867,133.234
266,1448.406,433.881,498.008,113,0,1868,133.582
274,1434.777,434.975,499.259,112,0,1869,132.929
258,1435.089,435.961,500.227,111,0,1870,133.745
261,1412.421,438.148,501.327,110,0,1871,132.26
255,1404.227,439.384,501.367,109,0,1872,132.5
253,1387.162,442.771,500.705,108,0,1873,132.239
250,1372.12,443.362,501.082,107,0,1874,131.627
239,1370.452,445.283,501.308,106,0,1875,131.316
230,1366.087,446.689,501.318,105,0,1876,130.895
231,1363.039,447.853,501.308,104,0,1877,130.766
221,1363.891,448.339,503.026,103,0,1878,129.915
217,1366.078,449.536,501.963,102,0,1879,132.184
212,1352.307,449.23,501.832,101,0,1880,130.038
421,1318.323,438.528,508.032,100,0,1881,129.289
404,1294.334,439.358,507.945,99,0,1882,130.639
401,1302.09,439.895,507.919,98,0,1883,128.862
375,1291.451,440.242,508.26,97,0,1884,128.065
347,1313.095,440.47,508.657,96,0,1885,130.748
342,1318.216,440.922,508.167,95,0,1886,129.568
331,1314.251,441.477,508.166,94,0,1887,128.644
332,1309.904,442.601,507.67,93,0,1888,128.283
318,1315.27,442.409,508.227,92,0,1889,129.103
312,1295.958,443.434,507.968,91,0,1890,127.991
313,1295.882,443.847,508.055,90,0,1891,127.423
301,1288.316,445.781,506.999,89,0,1892,128.792
302,1271.649,446.96,506.345,88,0,1893,127.717
310,1259.103,447.474,505.825,87,0,1894,127.719
291,1231.969,448.123,504.921,86,0,1895,127.218
285,1248.702,447.388,505.541,85,0,1896,127.861
267,1233.285,447.485,505.312,84,0,1897,127.961
262,1237.943,447.723,505.556,83,0,1898,126.872
252,1247.44,448.352,505.582,82,0,1899,126.761
246,1230.577,448.692,505.492,81,0,1900,127.74
227,1252.815,449.276,505.283,80,0,1901,127.206
213,1237.441,449.807,505.043,79,0,1902,125.33
209,1245.067,450.285,504.079,78,0,1903,127.455
188,1247.261,451.169,503.536,77,0,1904,127.768
196,1252.199,451.77,503.361,76,0,1905,126.13
190,1229.453,452.442,503.131,75,0,1906,126.794
179,1225.821,452.634,502.889,74,0,1907,125.202
179,1210.983,453.626,502.806,73,0,1908,126.734
166,1209.036,454.14,502.519,72,0,1909,126.031
161,1203.137,453.813,502.705,71,0,1910,125.404
164,1191.372,454.622,503.044,70,0,1911,125.01
152,1199.151,453.192,502.799,69,0,1912,126.367
158,1178.108,452.54,502.854,68,0,1592,125.473
217,1588.336,383.841,487.684,119,0,1914,135.775
204,1590.196,384.26,488.082,118,0,1915,134.881
191,1614.529,384.474,488.156,117,0,1916,133.999
189,1604.005,385.913,487.952,116,0,1917,133.246
190,1554.579,386.685,488.132,115,0,1918,133.743
197,1516.553,387.636,485.754,114,0,1919,133.234
194,1501.314,388.1,485.457,113,0,1920,133.582
177,1481.09,388.867,485.367,112,0,1921,132.929
407,1469.054,400.68,494.643,111,0,1922,133.745
385,1439.714,401.718,495.626,110,0,1923,132.26
367,1432.469,402.597,495.941,109,0,1924,132.5
352,1402.423,404.537,495.355,108,0,1925,132.239
353,1380.467,405.11,495.316,107,0,1926,131.627
329,1357.672,406.545,495.707,106,0,1927,131.316
321,1337.315,407.913,495.675,105,0,1928,130.895
290,1335.066,408.296,494.907,104,0,1929,130.766
291,1313.471,408.992,495.278,103,0,1930,129.915
279,1297.577,409.212,495.087,102,0,1931,132.184
258,1294.078,410.866,495.817,101,0,1932,130.038
242,1291.521,410.975,495.996,100,0,1933,129.289
238,1281.492,412.245,496.397,99,0,1934,130.639
220,1278.041,413.527,496.538,98,0,1935,128.862
215,1253.786,414.93,497.354,97,0,1936,128.065
214,1239.607,415.075,497.264,96,0,1937,130.748
210,1221.748,414.353,496.612,95,0,803,129.568
245,1607.224,409.822,499.764,119,0,1939,135.775
240,1608.875,409.839,500.141,118,0,1940,134.881
227,1605.11,409.862,500.013,117,0,1941,133.999
232,1585.892,410.242,501.053,116,0,1942,133.246
223,1545.668,410.318,502.509,115,0,1943,133.743
227,1515.656,411.113,502.329,114,0,1944,133.234
224,1474.705,410.983,501.883,113,0,1945,133.582
225,1473.831,409.891,502.087,112,0,1921,132.929
167,1508.838,425.505,517.511,119,0,1947,135.775
322,1491.342,417.358,524.454,118,0,1948,134.881
330,1476.524,417.998,523.048,117,0,1949,133.999
320,1475.103,418.321,522.686,116,0,1950,133.246
317,1461.274,419.276,522.138,115,0,1951,133.743
296,1458.655,422.154,520.242,114,0,1952,133.234
304,1444.651,422.975,519.539,113,0,1953,133.582
288,1426.365,423.478,519.565,112,0,1954,132.929
280,1423.357,423.839,519.551,111,0,1955,133.745
258,1402.163,424.759,519.286,110,0,1956,132.26
252,1398.714,426.86,518.462,109,0,1957,132.5
252,1385.917,425.997,518.333,108,0,1958,132.239
254,1350.685,421.979,519.423,107,0,1959,131.627
239,1343.155,422.581,519.406,106,0,1960,131.316
225,1337.902,421.172,520.211,105,0,1961,130.895
219,1340.548,421.903,518.981,104,0,1962,130.766
203,1331.414,422.563,518.84,103,0,1963,129.915
203,1352.768,423.923,516.961,102,0,1964,132.184
187,1339.807,424.968,516.66,101,0,1880,130.038
155,1500.368,406.536,533.374,119,0,1947,135.775
390,1386.487,392.656,533.479,119,0,1967,135.775
376,1368.399,393.15,532.71,118,0,1968,134.881
369,1364.45,394.006,530.932,117,0,1969,133.999
363,1365.209,393.911,529.665,116,0,1970,133.246
337,1340.318,393.674,529.738,115,0,1971,133.743
329,1335.277,394.105,527.572,114,0,1972,133.234
317,1331.959,395.202,525.384,113,0,1973,133.582
292,1352.36,396.393,523.657,112,0,1974,132.929
294,1308.626,396.524,521.307,111,0,1975,133.745
281,1299.63,396.568,519.454,110,0,1976,132.26
279,1293.925,397.815,518.621,109,0,1977,132.5
255,1293.604,398.153,515.945,108,0,1978,132.239
239,1298.464,397.155,516.115,107,0,1979,131.627
233,1293.33,398.886,516.585,106,0,1980,131.316
211,1306.355,399.794,515.686,105,0,1981,130.895
214,1300.304,400.969,514.906,104,0,1982,130.766
393,1285.023,402.773,529.122,103,0,1983,129.915
376,1298.08,404.367,527.941,102,0,1984,132.184
363,1286.694,405.583,526.301,101,0,1985,130.038
364,1273.31,406.023,524.518,100,0,1986,129.289
353,1272.819,406.728,523.405,99,0,1987,130.639
346,1260.523,407.62,521.617,98,0,1988,128.862
328,1260.835,408.43,520.93,97,0,1989,128.065
310,1281.3,409.688,519.998,96,0,1990,130.748
297,1288.37,410.814,518.679,95,0,1991,129.568
280,1289.175,411.774,518.084,94,0,1992,128.644
266,1281.237,412.901,517.572,93,0,1993,128.283
253,1313.846,413.614,517.645,92,0,1994,129.103
235,1290.736,414.047,517.636,91,0,1995,127.991
227,1271.423,414.628,517.381,90,0,1996,127.423
214,1294.486,415.735,517.001,89,0,1997,128.792
230,1264.217,416.312,516.273,88,0,1998,127.717
204,1265.975,417.277,516.185,87,0,1999,127.719
492,1101.722,405.474,505.735,86,0,2000,127.218
464,1112.278,406.726,505.898,85,0,2001,127.861
454,1084.826,407.983,505.981,84,0,2002,127.961
425,1096.605,409.817,505.965,83,0,2003,126.872
388,1114.497,412.375,505.555,82,0,2004,126.761
391,1098.834,414.096,506.668,81,0,2005,127.74
375,1099.013,415.091,507.287,80,0,2006,127.206
371,1078.156,416.798,508.295,79,0,2007,125.33
354,1064.828,418.762,508.814,78,0,2008,127.455
343,1070.601,420.701,508.813,77,0,2009,127.768
331,1066.583,422.747,508.584,76,0,2010,126.13
318,1046.113,424.229,508.682,75,0,2011,126.794
308,1065.786,425.536,508.929,74,0,2012,125.202
299,1048.813,427.069,509.436,73,0,2013,126.734
281,1055.587,428.245,509.753,72,0,2014,126.031
275,1034.775,428.796,510.105,71,0,2015,125.404
266,1016.996,429.458,510.261,70,0,2016,125.01
266,1012.665,430.938,510.162,69,0,2017,126.367
248,991.387,431.477,510.556,68,0,1521,125.473
387,1467.946,375.166,504.585,119,0,2019,135.775
375,1457.248,373.567,503.582,118,0,2020,134.881
340,1476.953,372.91,502.689,117,0,2021,133.999
330,1479.248,371.927,502.027,116,0,2022,133.246
320,1433.575,370.947,501.799,115,0,2023,133.743
330,1406.924,371.361,501.489,114,0,2024,133.234
327,1397.847,371.983,501.727,113,0,2025,133.582
319,1353.614,371.717,503.087,112,0,2026,132.929
315,1312.66,371.29,504.251,111,0,2027,133.745
289,1307.941,371.716,503.94,110,0,2028,132.26
291,1307.56,372.759,503.084,109,0,2029,132.5
275,1331.844,374.894,502.76,108,0,2030,132.239
567,1166.457,363.061,512.024,107,0,2031,131.627
562,1159.336,364.737,511.47,106,0,2032,131.316
537,1153.218,366.726,510.178,105,0,2033,130.895
508,1165.823,368.593,509.174,104,0,2034,130.766
497,1166.899,370.462,508.822,103,0,2035,129.915
469,1165.97,371.651,508.524,102,0,2036,132.184
479,1132.795,372.337,508.394,101,0,2037,130.038
467,1111.171,372.889,507.501,100,0,2038,129.289
438,1102.858,373.361,506.897,99,0,2039,130.639
443,1077.801,374.514,505.819,98,0,2040,128.862
431,1043.97,375.681,505.355,97,0,2041,128.065
412,1080.274,377.618,504.368,96,0,2042,130.748
383,1064.567,379.45,502.845,95,0,2043,129.568
375,1061.907,381.012,502.435,94,0,2044,128.644
348,1068.741,382.814,501.31,93,0,2045,128.283
333,1071.799,384.349,500.744,92,0,2046,129.103
309,1057,386.095,499.858,91,0,2047,127.991
316,1041.481,386.933,498.345,90,0,2048,127.423
289,1058.287,388.324,497.643,89,0,2049,128.792
276,1050.322,390.365,497.291,88,0,2050,127.717
279,1048.466,392.681,497.5,87,0,1999,127.719
171,1547.427,365.402,483.533,119,0,2052,135.775
180,1521.072,365.6,482.348,118,0,2053,134.881
160,1527.925,365.946,481.937,117,0,868,133.999
384,1179.281,341.735,532.314,119,0,2055,135.775
378,1165.651,342.235,530.691,118,0,2056,134.881
370,1149.192,342.312,528.647,117,0,2057,133.999
368,1141.139,342.515,526.973,116,0,2058,133.246
370,1113.392,342.746,526.536,115,0,2059,133.743
351,1107.45,342.873,525.99,114,0,2060,133.234
357,1078.224,343.172,525.759,113,0,2061,133.582
354,1048.28,342.904,526.768,112,0,2062,132.929
332,1035.714,342.282,527.622,111,0,2063,133.745
343,992.781,341.971,527.123,110,0,2064,132.26
325,996.732,342.91,525.651,109,0,2065,132.5
316,1007.101,346.578,523.94,108,0,2030,132.239
182,1095.412,344.275,551.033,119,0,2067,135.775
201,1064.418,345.327,551.001,118,0,2068,134.881
207,1044.715,347.396,550.398,117,0,2069,133.999
219,1020.781,348.492,550.117,116,0,2070,133.246
348,1084.882,354.68,539.694,115,0,2071,133.743
355,1079.668,356.416,539.602,114,0,2072,133.234
341,1082.625,359.219,539.726,113,0,2073,133.582
331,1109.166,362.044,540.324,112,0,2074,132.929
302,1098.301,363.579,541.731,111,0,2075,133.745
292,1068.058,364.737,541.748,110,0,2076,132.26
294,1091.772,367.277,540.711,109,0,2077,132.5
273,1096.048,370.028,539.668,108,0,2078,132.239
272,1090.544,370.55,540.164,107,0,2079,131.627
278,1052.414,372.563,540.849,106,0,2080,131.316
276,1048.007,373.741,540.888,105,0,2081,130.895
280,1023.904,375.434,540.907,104,0,2082,130.766
272,1004.092,377.288,541.185,103,0,2083,129.915
259,1023.726,379.919,541.197,102,0,2084,132.184
254,981.661,381.68,540.937,101,0,2085,130.038
243,983.741,383.241,541.041,100,0,2086,129.289
235,984.183,384.767,541.625,99,0,2087,130.639
229,980.397,386.593,541.513,98,0,2088,128.862
225,975.547,388.2,541.265,97,0,2089,128.065
217,1002.613,389.831,541.071,96,0,2090,130.748
210,988.8,391.179,540.497,95,0,2091,129.568
213,998.822,393.464,540.978,94,0,2092,128.644
192,985.474,395.569,541.45,93,0,2093,128.283
429,972.429,404.401,553.987,92,0,2094,129.103
420,957.912,405.315,553.285,91,0,2095,127.991
414,956.79,406.395,552.436,90,0,2096,127.423
398,951.369,407.826,552.283,89,0,2097,128.792
396,926.894,408.883,552.019,88,0,2098,127.717
397,918.824,410.476,552.057,87,0,2099,127.719
369,917.867,412.895,551.263,86,0,2100,127.218
349,934.143,415.672,550.857,85,0,2101,127.861
329,946.486,419.341,550.829,84,0,2102,127.961
309,965.948,422.764,550.892,83,0,2103,126.872
289,970.367,425.372,550.578,82,0,2104,126.761
280,958.475,426.258,549.546,81,0,2105,127.74
277,951.993,427.449,549.465,80,0,2106,127.206
255,941.945,427.724,549.138,79,0,2107,125.33
271,897.413,427.39,548.569,78,0,2108,127.455
264,904.985,428.601,548.647,77,0,3352,127.768
529,214.915,399.49,602.678,76,0,0,126.13
146,1317.507,362.259,525.666,119,0,2111,135.775
143,1310.608,361.325,526.17,118,0,2112,134.881
144,1295.458,360.77,526.278,117,0,2113,133.999
142,1268.683,360.743,525.828,116,0,2070,133.246
370,1393.659,375.889,528.854,119,0,2115,135.775
362,1390.268,376.251,527.714,118,0,2116,134.881
337,1397.19,376.732,525.874,117,0,2117,133.999
345,1394.157,377.071,524.51,116,0,2118,133.246
335,1408.648,377.135,523.946,115,0,2119,133.743
313,1392.684,377.525,523.286,114,0,2120,133.234
304,1387.516,377.954,523.864,113,0,2121,133.582
296,1400.591,379.127,523.738,112,0,2122,132.929
284,1385.845,379.032,524.227,111,0,2123,133.745
285,1370.839,379.077,524.013,110,0,2124,132.26
297,1352.404,381.394,523.342,109,0,2125,132.5
270,1369.674,383.244,523.975,108,0,2126,132.239
237,1388.54,383.267,523.586,107,0,2127,131.627
241,1352.647,384.723,523.879,106,0,2128,131.316
233,1342,385.736,523.294,105,0,2129,130.895
229,1319.886,387.043,523.194,104,0,2130,130.766
214,1314.341,388.829,523.557,103,0,2131,129.915
212,1311.915,389.98,523.896,102,0,2132,132.184
213,1271.624,391.163,523.891,101,0,2133,130.038
214,1255.313,392.081,525.225,100,0,2134,129.289
201,1232.502,392.809,525.092,99,0,2135,130.639
200,1219.995,394.47,525.754,98,0,2136,128.862
401,1190.162,402.248,539.335,97,0,2137,128.065
387,1213.155,403.846,538.798,96,0,2138,130.748
377,1204.114,404.817,537.187,95,0,2139,129.568
357,1203.165,406.482,536.775,94,0,2140,128.644
346,1177.289,407.936,535.788,93,0,2141,128.283
332,1188.024,408.948,535.665,92,0,2142,129.103
316,1178.025,409.349,534.877,91,0,2143,127.991
300,1161.007,410.387,534.394,90,0,2144,127.423
307,1141.72,411.313,534.126,89,0,2145,128.792
300,1117.07,412.719,534.406,88,0,2146,127.717
294,1105.381,413.757,534.072,87,0,2147,127.719
276,1108.391,415.3,533.31,86,0,2148,127.218
263,1112.141,416.161,532.437,85,0,2149,127.861
260,1110.046,417.009,531.051,84,0,2150,127.961
239,1138.151,418.23,530.414,83,0,2151,126.872
241,1117.241,419.864,529.654,82,0,2152,126.761
241,1100.008,421.279,529.346,81,0,2153,127.74
230,1127.909,422.468,529.546,80,0,2154,127.206
232,1098.629,423.071,529.226,79,0,2155,125.33
429,1123.793,435.317,538.859,78,0,2156,127.455
423,1127.738,436.293,538.207,77,0,2157,127.768
424,1098.422,437.135,537.753,76,0,2158,126.13
425,1085.904,437.828,537.383,75,0,2159,126.794
411,1108.81,438.333,537.033,74,0,2160,125.202
389,1095.478,438.698,536.622,73,0,2161,126.734
379,1094.47,438.717,535.994,72,0,2162,126.031
365,1095.773,438.839,535.79,71,0,2163,125.404
356,1094.312,439.275,535.405,70,0,2164,125.01
363,1073.603,439.023,534.822,69,0,2165,126.367
350,1051.511,439.26,535.109,68,0,2166,125.473
346,1037.535,439.403,534.656,67,0,2167,125.514
338,1022.713,439.469,534.185,66,0,2168,125.365
341,1029.299,440.152,534.458,65,0,2169,125.655
345,1006.548,440.769,534.27,64,0,2170,125.157
317,1006.107,440.624,534.066,63,0,2171,125.624
309,1013.456,441.238,534.275,62,0,2172,123.535
292,1018.51,441.655,534.114,61,0,2173,124.466
285,1022.779,443.098,534.885,60,0,2174,124.498
276,1011.181,443.163,534.261,59,0,2175,124.507
264,1016.576,443.827,534.879,58,0,2176,123.845
268,1001.287,444.033,534.918,57,0,2177,124.092
261,977.996,443.951,534.566,56,0,2178,123.571
255,937.518,444.717,535.252,55,0,2179,123.676
258,924.171,444.684,535.379,54,0,2180,123.098
278,880.525,445.586,535.732,53,0,2181,122.771
256,893.227,446.043,535.984,52,0,2182,123.12
251,862.466,446.208,535.594,51,0,2183,122.83
427,915.867,457.222,544.124,50,0,2184,122.378
408,913.02,457.217,543.921,49,0,2185,123.684
411,916.122,456.975,543.67,48,0,2186,122.142
387,905.039,457.141,543.774,47,0,2187,123.231
374,915.305,457.116,543.688,46,0,2188,122.636
371,901.523,456.947,543.809,45,0,2189,122.489
362,890.87,456.466,543.118,44,0,2190,123.077
357,873.246,456.646,543.344,43,0,2191,123.097
356,869.683,457.277,543.886,42,0,2192,123.34
351,858.932,456.587,543.242,41,0,2193,123.611
355,830.583,456.091,543.066,40,0,2194,122.985
343,848.603,456.556,543.195,39,0,2195,122.295
327,852.034,456.7,543.219,38,0,2196,121.738
316,867.943,456.813,543.233,37,0,2197,121.153
303,861.818,457.451,544.246,36,0,2198,122.742
295,872.241,457.52,544.042,35,0,2199,122.383
283,858.261,458.074,544.741,34,0,2200,121.625
294,846.721,457.459,544.059,33,0,2201,121.993
278,858.565,458.378,544.911,32,0,2202,122.382
274,838.405,458.197,544.653,31,0,2203,122.976
281,821.972,458.707,545.369,30,0,2204,122.213
268,800.862,458.613,545.423,29,0,2205,121.496
276,789.775,458.633,545.705,28,0,2206,121.488
256,811.43,458.912,545.799,27,0,2207,122.128
235,798.838,459.087,545.649,26,0,2208,122.512
241,806.456,460.261,546.738,25,0,2209,122.578
546,739.842,469.89,557.677,24,0,2210,122.559
516,753.676,469.144,556.47,23,0,2211,122.027
499,755.962,469.252,556.703,22,0,2212,121.692
491,760.222,468.972,556.597,21,0,2213,122.275
474,772.19,468.681,556.04,20,0,2214,122.832
476,765.662,468.581,555.994,19,0,2215,121.948
458,774.509,468.739,555.881,18,0,2216,121.489
455,765.325,468.655,555.625,17,0,2217,122.279
462,749.504,468.471,555.604,16,0,2218,122.381
439,735.289,468.525,555.411,15,0,2219,120.819
445,708.625,467.284,554.389,14,0,2220,121.926
436,683.002,468.853,555.861,13,0,2221,121.114
414,694.097,468.678,555.759,12,0,2222,122.254
420,680.752,468.185,555.578,11,0,2223,122.906
402,664.674,468.437,555.401,10,0,2224,123.018
394,670.416,467.888,555.96,9,0,2225,121.098
374,668.313,468.258,554.18,8,0,2226,122.109
352,669.122,468.479,555.998,7,0,2227,122.466
337,670.344,468.13,554.315,6,0,2228,122.267
314,685.701,468.039,554.384,5,0,2229,121.565
307,672.3,467.765,553.305,4,0,2230,121.937
297,674.603,467.196,552.078,3,0,2231,123.541
278,691.525,466.407,550.344,2,0,2232,121.938
252,710.433,466.981,550.976,1,0,0,122.527
175,1224.8,371.123,563.763,119,0,2234,135.775
321,1200.078,376.187,572.248,118,0,2235,134.881
326,1194.617,377.889,569.158,117,0,2236,133.999
311,1198.524,378.934,566.632,116,0,2237,133.246
307,1201.257,380.472,565.451,115,0,2238,133.743
288,1219.872,382.314,563.257,114,0,2239,133.234
269,1218.431,384.398,561.009,113,0,2240,133.582
261,1254.291,386.761,558.477,112,0,2241,132.929
259,1243.402,388.618,555.895,111,0,2242,133.745
252,1239.52,390.54,553.246,110,0,2243,132.26
230,1257.513,392.989,551.967,109,0,2244,132.5
232,1268.323,396.041,551.382,108,0,2245,132.239
217,1267.47,396.683,550.731,107,0,2246,131.627
199,1262.593,398.787,549.759,106,0,2247,131.316
202,1269.579,400.059,546.749,105,0,2248,130.895
201,1263.741,401.852,545.137,104,0,1982,130.766
210,1244.924,358.232,565.691,119,0,2250,135.775
454,1184.126,365.794,579.653,118,0,2251,134.881
426,1195.308,367.368,576.591,117,0,2252,133.999
400,1212.935,368.311,573.512,116,0,2253,133.246
385,1219.842,369.349,571.037,115,0,2254,133.743
372,1234.586,371.513,570.174,114,0,2255,133.234
347,1243.473,374.237,569.945,113,0,2256,133.582
336,1240.827,376.625,570.14,112,0,2257,132.929
334,1238.608,378.6,569.637,111,0,2258,133.745
329,1207.775,381.07,568.872,110,0,2259,132.26
315,1222.152,383.762,568.032,109,0,2260,132.5
297,1218.431,386.605,566.874,108,0,2261,132.239
309,1202.239,387.572,565.97,107,0,2262,131.627
288,1204.309,390.176,565.247,106,0,2263,131.316
281,1198.598,391.876,562.982,105,0,2264,130.895
275,1185.335,393.961,561.616,104,0,2265,130.766
253,1190.336,395.64,560.436,103,0,2266,129.915
237,1198.03,397.933,558.842,102,0,2267,132.184
233,1188.06,400.52,557.063,101,0,2268,130.038
231,1196.701,402.667,556.699,100,0,2269,129.289
219,1179.831,404.322,554.601,99,0,2270,130.639
205,1181.785,406.293,553.238,98,0,2136,128.862
203,1022.483,347.817,577.094,119,0,2272,135.775
193,1049.674,351.074,577.074,118,0,2273,134.881
181,1030.276,353.376,577.191,117,0,2274,133.999
440,989.189,360.84,590.783,116,0,2275,133.246
426,994.427,362.851,590.041,115,0,3265,133.743
263,934.452,357.608,607.246,119,0,2277,135.775
254,932.992,361.004,605.252,118,0,2278,134.881
243,930.597,363.495,603.574,117,0,2274,133.999
251,1129.745,368.739,599.345,119,0,2250,135.775
168,1149.387,378.609,591.144,119,0,2234,135.775
163,1309.239,388.219,565.799,119,0,2282,135.775
307,1371.902,399.335,553.972,118,0,2283,134.881
301,1357.857,402.3,550.734,117,0,2284,133.999
295,1368.366,403.304,549.554,116,0,2285,133.246
276,1355.982,403.95,548.669,115,0,2286,133.743
281,1351.73,404.044,546.453,114,0,2287,133.234
271,1356.284,406.04,544.345,113,0,2288,133.582
243,1380.416,408.293,542.772,112,0,2289,132.929
232,1378.836,410.238,541.428,111,0,2290,133.745
210,1392.81,412.521,538.797,110,0,2291,132.26
199,1404.683,414.696,537.157,109,0,2292,132.5
194,1386.773,417.801,535.281,108,0,2293,132.239
196,1373.23,418.196,534.543,107,0,2294,131.627
181,1339.254,419.368,534.24,106,0,2295,131.316
161,1345.019,419.943,534.494,105,0,2296,130.895
352,1375.96,435.531,527.219,104,0,2297,130.766
338,1354.269,436.517,526.551,103,0,2298,129.915
316,1386.127,436.971,525.757,102,0,2299,132.184
301,1388.007,438.338,525.12,101,0,2300,130.038
290,1376.276,438.946,524.788,100,0,2301,129.289
278,1366.406,439.447,524.451,99,0,2302,130.639
258,1363.426,441.19,523.842,98,0,2303,128.862
251,1342.183,441.644,523.99,97,0,2304,128.065
241,1366.27,442.082,524.339,96,0,2305,130.748
222,1360.901,443.935,523.374,95,0,2306,129.568
208,1344.837,444.219,523.063,94,0,2307,128.644
206,1337.383,445.275,522.981,93,0,2308,128.283
191,1332.723,445.985,523.205,92,0,2309,129.103
189,1334.561,445.772,523.082,91,0,2310,127.991
175,1338.011,447.029,522.556,90,0,2311,127.423
168,1331.238,447.922,522.048,89,0,2312,128.792
165,1326.412,448.795,521.784,88,0,1501,127.717
162,1419.321,406.231,547.928,119,0,2282,135.775
166,1469.651,432.734,532.189,119,0,2315,135.775
156,1471.763,434.165,530.711,118,0,2316,134.881
251,1489.502,444.884,525.616,117,0,2317,133.999
249,1502.165,445.584,524.552,116,0,2318,133.246
234,1464.825,444.49,524.618,115,0,2319,133.743
225,1461.36,443.582,525.029,114,0,2320,133.234
220,1466.027,444.378,525.072,113,0,2321,133.582
211,1463.28,445.505,524.794,112,0,2322,132.929
191,1479.257,445.952,524.537,111,0,2323,133.745
187,1463.85,447.535,524.339,110,0,2324,132.26
179,1471.955,448.987,523.822,109,0,2325,132.5
180,1443.333,450.919,522.633,108,0,2326,132.239
179,1427.564,450.227,522.055,107,0,2327,131.627
177,1428.932,450.693,522.156,106,0,2328,131.316
185,1387.87,448.756,521.974,105,0,2296,130.895
160,1477.512,447.123,514.748,119,0,2330,135.775
150,1495.78,449.189,513.739,118,0,2331,134.881
153,1498.216,451.082,512.585,117,0,2332,133.999
157,1495.93,451.924,510.979,116,0,1771,133.246
111,1579.45,458.128,522.203,119,0,2334,135.775
109,1560.055,457.472,522.096,118,0,2316,134.881
290,1944.552,464.229,533.546,119,0,2336,135.775
284,1956.271,465.196,532.693,118,0,2337,134.881
269,1952.454,465.271,532.272,117,0,2338,133.999
267,1922.524,465.305,531.669,116,0,2339,133.246
269,1885.257,465.779,530.991,115,0,2340,133.743
264,1887.905,465.836,530.936,114,0,2341,133.234
262,1875.134,465.762,531.355,113,0,2342,133.582
256,1859.809,465.328,531.893,112,0,2343,132.929
246,1868.776,464.891,532.369,111,0,2344,133.745
245,1802.735,464.861,532.374,110,0,2345,132.26
235,1820.962,464.844,532.723,109,0,2346,132.5
235,1801.451,465.782,531.523,108,0,2347,132.239
234,1776.085,465.051,530.558,107,0,2348,131.627
230,1755.604,465.428,530.661,106,0,2349,131.316
220,1754.264,465.627,530.115,105,0,2350,130.895
214,1742.85,465.653,529.909,104,0,2351,130.766
217,1711.512,466.163,530.191,103,0,2352,129.915
215,1724.656,467.011,529.598,102,0,2353,132.184
211,1694.626,467.233,529.279,101,0,2354,130.038
201,1699.035,466.874,529.073,100,0,2355,129.289
199,1711.764,466.359,528.795,99,0,2356,130.639
195,1685.938,466.158,528.744,98,0,2357,128.862
205,1633.498,466.707,529.448,97,0,2358,128.065
198,1666.864,466.745,530.099,96,0,2359,130.748
188,1648.527,466.478,530.278,95,0,2360,129.568
194,1632.799,466.619,530.874,94,0,2361,128.644
185,1609.065,466.84,531.251,93,0,2362,128.283
185,1592.362,466.963,531.838,92,0,2363,129.103
184,1578.717,466.513,531.905,91,0,2364,127.991
176,1589.767,466.025,531.842,90,0,2365,127.423
181,1562.768,464.922,532.32,89,0,2366,128.792
163,1562.307,464.206,532.51,88,0,2367,127.717
357,1515.398,450.74,533.69,87,0,2368,127.719
344,1466.596,451.532,532.644,86,0,2369,127.218
346,1488.642,451.781,531.97,85,0,2370,127.861
339,1451.372,453.124,531.016,84,0,2371,127.961
339,1478.139,453.937,530.65,83,0,2372,126.872
335,1474.597,455.511,530.077,82,0,2373,126.761
312,1489.231,456.266,529.815,81,0,2374,127.74
314,1503.217,457.136,529.924,80,0,2375,127.206
310,1455.439,457.25,529.89,79,0,2376,125.33
299,1445.826,456.905,529.722,78,0,2377,127.455
299,1470.033,458.032,529.563,77,0,2378,127.768
294,1451.582,458.393,529.35,76,0,2379,126.13
292,1433.37,458.87,529.54,75,0,2380,126.794
280,1467.221,459.287,529.778,74,0,2381,125.202
286,1395.052,459.58,530.01,73,0,2382,126.734
276,1401.489,459.626,529.978,72,0,2383,126.031
270,1371.819,460.061,530.214,71,0,2384,125.404
268,1353.373,460.317,530.335,70,0,2385,125.01
277,1332.509,461.025,530.436,69,0,2386,126.367
278,1291.05,461.175,530.542,68,0,2387,125.473
268,1282.735,461.613,530.582,67,0,2388,125.514
271,1260.613,461.974,530.847,66,0,2389,125.365
257,1277.3,462.025,530.758,65,0,2390,125.655
244,1247.426,462.018,530.927,64,0,2391,125.157
250,1253.096,461.571,530.944,63,0,2392,125.624
246,1240.077,461.49,531.264,62,0,2393,123.535
229,1250.153,461.725,531.748,61,0,2394,124.466
225,1244.92,461.951,531.93,60,0,2395,124.498
212,1237.481,462.039,531.722,59,0,2396,124.507
215,1232.898,462.212,532.121,58,0,2397,123.845
445,1165.085,475.546,542.133,57,0,2398,124.092
445,1161.169,475.49,542.008,56,0,2399,123.571
430,1156.807,475.461,541.862,55,0,2400,123.676
419,1142.442,474.839,541.181,54,0,2401,123.098
411,1138.873,475.957,541.41,53,0,2402,122.771
387,1161.92,476.157,541.675,52,0,2403,123.12
377,1156.658,476.143,541.412,51,0,2404,122.83
369,1151.919,476.033,541.449,50,0,2405,122.378
354,1146.085,476.087,541.666,49,0,2406,123.684
339,1123.805,476.202,541.593,48,0,2407,122.142
338,1108.648,475.969,541.192,47,0,2408,123.231
329,1097.644,475.489,541.043,46,0,2409,122.636
328,1073.72,474.878,540.442,45,0,2410,122.489
323,1048.613,474.83,540.422,44,0,2411,123.077
322,1031.972,474.104,539.852,43,0,2412,123.097
308,1049.429,474.022,539.858,42,0,2413,123.34
302,1035.762,472.84,538.88,41,0,2414,123.611
288,1041.399,472.02,538.528,40,0,2415,122.985
296,1018.882,471.478,537.824,39,0,2416,122.295
267,1030.026,470.841,537.397,38,0,2417,121.738
255,1042.016,470.135,536.495,37,0,2418,121.153
257,1023.837,469.777,536.719,36,0,2419,122.742
246,999.764,469.253,535.94,35,0,2420,122.383
243,995.494,469.151,535.991,34,0,2421,121.625
230,984.809,468.271,535.202,33,0,2422,121.993
231,948.052,468.642,535.705,32,0,2423,122.382
228,940.855,467.993,535.147,31,0,2424,122.976
209,947.278,467.282,534.842,30,0,2425,122.213
206,937.388,466.572,534.441,29,0,696,121.496
221,1563.914,428.929,547.841,119,0,2427,135.775
222,1584.545,430.629,546.586,118,0,2428,134.881
214,1551.995,430.884,545.387,117,0,2429,133.999
210,1550.671,431.988,543.941,116,0,2430,133.246
434,1472.406,419.877,552.707,115,0,2431,133.743
436,1481.644,420.757,551.378,114,0,2432,133.234
408,1477.257,421.558,550.463,113,0,2433,133.582
381,1485.727,422.708,549.362,112,0,2434,132.929
365,1493.885,423.063,548.551,111,0,2435,133.745
347,1506.692,423.996,546.922,110,0,2436,132.26
338,1533.302,424.903,546.215,109,0,2437,132.5
324,1501.623,425.996,545.424,108,0,2438,132.239
316,1501.604,426.381,544.73,107,0,2439,131.627
306,1489.608,428.283,544.195,106,0,2440,131.316
289,1489.879,429.048,543.831,105,0,2441,130.895
274,1515.391,429.96,543.038,104,0,2442,130.766
272,1525.298,431.13,542.394,103,0,2443,129.915
261,1533.77,432.457,541.073,102,0,2444,132.184
248,1541.363,433.465,540.468,101,0,2445,130.038
241,1538.307,434.408,540.306,100,0,2446,129.289
251,1520.705,434.385,540.426,99,0,2447,130.639
243,1520.951,434.809,540.253,98,0,2448,128.862
233,1495.773,435.171,540.035,97,0,2449,128.065
234,1530.342,435.54,539.871,96,0,2450,130.748
227,1525.291,435.257,539.347,95,0,2451,129.568
218,1513.248,435.851,538.522,94,0,2452,128.644
214,1512.126,436.478,538.059,93,0,2453,128.283
210,1489.41,437.049,537.73,92,0,2454,129.103
211,1476.289,437.057,537.229,91,0,2455,127.991
203,1463.202,437.384,536.582,90,0,2456,127.423
198,1473.616,437.795,535.936,89,0,2457,128.792
192,1447.375,437.78,535.413,88,0,2367,127.717
250,1438.464,401.262,569.906,119,0,2459,135.775
246,1439.313,402.543,567.548,118,0,2460,134.881
238,1420.008,403.758,565.785,117,0,2461,133.999
224,1435.491,405.729,563.461,116,0,2430,133.246
341,1258.22,400.077,592.874,119,0,2463,135.775
327,1270.713,401.009,589.745,118,0,2464,134.881
329,1263.763,402.065,587.29,117,0,2465,133.999
323,1259.037,402.642,585.244,116,0,2466,133.246
316,1239.763,403.629,583.691,115,0,2467,133.743
305,1251.026,404.81,581.475,114,0,2468,133.234
301,1233.95,405.219,579.562,113,0,2469,133.582
286,1263.294,406.22,576.988,112,0,2470,132.929
269,1250.773,406.807,574.997,111,0,2471,133.745
252,1249.238,408.316,572.369,110,0,2472,132.26
249,1284.133,410.236,570.503,109,0,2473,132.5
227,1297.044,412.831,568.702,108,0,2474,132.239
227,1291.242,413.511,567.116,107,0,2475,131.627
209,1298.464,415.637,565.652,106,0,2476,131.316
207,1304.56,417.898,564.047,105,0,2477,130.895
201,1337.791,420.504,562.214,104,0,2478,130.766
193,1309.674,421.246,561.815,103,0,2479,129.915
373,1396.617,436.488,553.397,102,0,2480,132.184
362,1380.39,438.133,552.614,101,0,2481,130.038
360,1385.303,441.153,551.248,100,0,2482,129.289
344,1382.628,443.725,550.184,99,0,2483,130.639
333,1385.895,445.267,549.697,98,0,2484,128.862
321,1386.994,446.545,549.292,97,0,2485,128.065
299,1395.211,447.414,548.876,96,0,2486,130.748
285,1383.435,448.643,548.19,95,0,2487,129.568
273,1380.729,449.122,547.955,94,0,2488,128.644
259,1393.286,450.48,547.679,93,0,2489,128.283
258,1371.922,451.44,547.895,92,0,2490,129.103
240,1370.621,452.53,547.66,91,0,2491,127.991
231,1383.022,453.854,547.062,90,0,2492,127.423
224,1376.844,454.573,547.048,89,0,2493,128.792
214,1365.598,455.251,546.774,88,0,2494,127.717
214,1390.64,456.089,546.887,87,0,2495,127.719
203,1358.65,456.777,546.278,86,0,2496,127.218
195,1384.621,458.472,546.137,85,0,2497,127.861
196,1389.724,460.141,545.87,84,0,2498,127.961
190,1389.016,461.307,546.29,83,0,2499,126.872
184,1370.31,462.467,546.908,82,0,2500,126.761
191,1350.141,463.144,547.503,81,0,2501,127.74
180,1344.172,463.178,547.269,80,0,2502,127.206
372,1285.156,473.203,557.647,79,0,2503,125.33
361,1279.618,472.466,556.975,78,0,2504,127.455
369,1264.024,473.112,557.217,77,0,2505,127.768
354,1272.949,473.311,557.058,76,0,2506,126.13
349,1254.41,473.4,556.896,75,0,2507,126.794
320,1272.284,473.606,556.926,74,0,2508,125.202
323,1253.207,473.709,556.838,73,0,2509,126.734
314,1266.271,473.172,556.322,72,0,2510,126.031
298,1257.641,473.171,556.493,71,0,2511,125.404
303,1239.201,473.205,556.211,70,0,2512,125.01
288,1237.566,472.76,555.815,69,0,2513,126.367
279,1202.24,472.117,555.223,68,0,2514,125.473
268,1214.403,472.744,555.733,67,0,2515,125.514
268,1201.276,472.549,555.349,66,0,2516,125.365
260,1177.354,473.184,555.91,65,0,2517,125.655
251,1175.418,473.104,555.762,64,0,2518,125.157
257,1156.16,472.84,555.882,63,0,2519,125.624
239,1145.569,472.49,555.754,62,0,2520,123.535
232,1152.453,472.344,555.691,61,0,2521,124.466
206,1173.345,472.813,556.014,60,0,2522,124.498
212,1142.764,472.257,555.39,59,0,2523,124.507
203,1139.271,472.635,555.629,58,0,2524,123.845
202,1118.683,472.689,555.525,57,0,2525,124.092
189,1102.45,472.283,555.291,56,0,2526,123.571
191,1080.979,472.461,555.279,55,0,2527,123.676
185,1048.189,471.554,554.776,54,0,2528,123.098
197,1014.127,472.659,555.344,53,0,2529,122.771
196,999.036,471.597,554.708,52,0,2530,123.12
185,991.973,470.449,553.793,51,0,2183,122.83
286,1034.43,403.275,610.223,119,0,2532,135.775
270,1054.911,404.66,605.884,118,0,2533,134.881
274,1045.996,405.425,602.313,117,0,2534,133.999
251,1073.53,406.188,600.119,116,0,2535,133.246
241,1070.411,407.244,597.754,115,0,2536,133.743
234,1072.239,407.012,596.585,114,0,2537,133.234
247,1079.283,408.374,593.731,113,0,2538,133.582
236,1093.153,407.903,591.555,112,0,2539,132.929
236,1082.089,407.928,589.709,111,0,2540,133.745
235,1071.728,408.475,588.19,110,0,2541,132.26
222,1076.703,409.408,586.944,109,0,2542,132.5
224,1090.719,411.877,585.299,108,0,2543,132.239
209,1112.713,414.955,581.51,107,0,2544,131.627
206,1125.286,416.897,580.065,106,0,2545,131.316
209,1147.598,418.343,578.152,105,0,2546,130.895
390,1189.918,434.571,569.279,104,0,2547,130.766
395,1188.595,435.383,568.727,103,0,2548,129.915
389,1190.152,436.262,567.594,102,0,2549,132.184
382,1188.516,436.425,567.222,101,0,2550,130.038
368,1180.511,437.615,566.609,100,0,2551,129.289
357,1196.877,437.985,565.906,99,0,2552,130.639
347,1203,439.123,565.494,98,0,2553,128.862
331,1197.894,439.377,565.056,97,0,2554,128.065
330,1212.503,440.845,564.354,96,0,2555,130.748
315,1212.283,441.678,563.485,95,0,2556,129.568
308,1204.347,442.158,562.628,94,0,2557,128.644
297,1201.657,442.4,561.758,93,0,2558,128.283
287,1201.202,443.815,561.18,92,0,2559,129.103
278,1193.968,443.857,560.414,91,0,2560,127.991
277,1174.397,443.999,559.458,90,0,2561,127.423
258,1184.88,444.971,558.747,89,0,2562,128.792
262,1156.542,444.956,558.424,88,0,2563,127.717
254,1169.63,446.097,558.09,87,0,2564,127.719
243,1147.864,446.962,557.01,86,0,2565,127.218
245,1156.261,447.391,555.588,85,0,2566,127.861
245,1167.159,448.294,554.653,84,0,2567,127.961
229,1175.917,447.248,553.019,83,0,2568,126.872
226,1197.465,448.124,551.942,82,0,2569,126.761
216,1195.574,447.862,550.628,81,0,2570,127.74
202,1210.149,447.883,550.239,80,0,2571,127.206
206,1181.481,447.666,549.758,79,0,2155,125.33
476,1137.002,422.187,605.116,119,0,2573,135.775
450,1164.584,423.232,602.017,118,0,2574,134.881
432,1170.507,423.404,600.005,117,0,2575,133.999
430,1174.672,423.513,599.143,116,0,2576,133.246
429,1156.611,423.337,598.639,115,0,2577,133.743
427,1149.686,423.373,597.526,114,0,2578,133.234
416,1142.245,423.756,596.014,113,0,2579,133.582
412,1151.182,423.993,593.913,112,0,2580,132.929
398,1136.746,424.027,592.487,111,0,2581,133.745
390,1137.346,424.455,590.993,110,0,2582,132.26
377,1132.557,424.663,590.51,109,0,2583,132.5
378,1114.164,426.311,589.808,108,0,2584,132.239
360,1091.753,425.408,589.476,107,0,2585,131.627
355,1090.904,426.48,588.584,106,0,2586,131.316
348,1064.917,426.432,587.9,105,0,2587,130.895
335,1069.269,427.45,586.909,104,0,2588,130.766
317,1065.18,427.858,586.497,103,0,2589,129.915
305,1061.531,428.762,585.305,102,0,2590,132.184
300,1022.847,429.01,585.05,101,0,2591,130.038
289,1021.284,429.049,584.548,100,0,2592,129.289
276,1018.221,429.749,583.632,99,0,2593,130.639
264,1009.038,429.858,583.015,98,0,2594,128.862
251,1010.1,430.76,581.829,97,0,2595,128.065
250,1006.22,430.463,581.304,96,0,2596,130.748
228,999.614,431.633,579.021,95,0,2597,129.568
235,1021.166,433.567,577.35,94,0,2598,128.644
204,1023.152,435.453,575.692,93,0,2599,128.283
351,1101.746,449.207,574.099,92,0,2600,129.103
344,1080.174,450.017,573.408,91,0,2601,127.991
334,1070.599,450.24,572.581,90,0,2602,127.423
329,1079.003,451.57,572.033,89,0,2603,128.792
329,1050.167,452.263,571.715,88,0,2604,127.717
309,1044.919,452.186,571.748,87,0,2605,127.719
306,1028.078,452.61,571.095,86,0,2606,127.218
307,1031.746,452.954,571.082,85,0,2607,127.861
294,1012.973,453.587,571.219,84,0,2608,127.961
303,1016.828,453.813,570.975,83,0,2609,126.872
281,1015.11,455.531,570.851,82,0,2610,126.761
284,997.162,456.058,570.124,81,0,2611,127.74
280,992.211,456.298,569.939,80,0,2612,127.206
274,959.544,455.88,569.552,79,0,2613,125.33
278,966.975,456.601,569.383,78,0,2614,127.455
264,957.148,456.646,568.799,77,0,3382,127.768
277,1320.105,438.291,572.515,119,0,2616,135.775
261,1321.28,438.665,571.296,118,0,2617,134.881
247,1313.951,440.274,569.493,117,0,2618,133.999
253,1315.186,441.01,568.514,116,0,2619,133.246
246,1306.333,441.979,567.653,115,0,2620,133.743
243,1287.041,442.275,567.221,114,0,2621,133.234
235,1288.877,442.643,566.752,113,0,2622,133.582
233,1291.438,443.594,565.882,112,0,2623,132.929
230,1287.8,443.567,565.578,111,0,2624,133.745
221,1291.145,443.337,565.121,110,0,2625,132.26
215,1301.288,443.649,564.687,109,0,2626,132.5
213,1284.493,445.49,563.829,108,0,2627,132.239
213,1273.972,448.64,562.614,107,0,2628,131.627
219,1265.543,448.872,562.935,106,0,2629,131.316
199,1261.191,450.096,561.774,105,0,2546,130.895
321,1514.464,437.844,558.433,119,0,2631,135.775
308,1505.766,438.778,557.704,118,0,2632,134.881
294,1503.293,440.052,556.051,117,0,2633,133.999
288,1490.747,440.632,554.888,116,0,2634,133.246
280,1471.946,441.637,553.976,115,0,2635,133.743
274,1467.325,442.281,553.527,114,0,2636,133.234
263,1462.616,443.903,552.783,113,0,2637,133.582
256,1449.812,443.969,552.556,112,0,2638,132.929
246,1458.366,444.826,552.03,111,0,2639,133.745
232,1434.595,444.68,551.583,110,0,2640,132.26
218,1446.757,445.264,551.365,109,0,2641,132.5
217,1443.272,447.05,550.43,108,0,2642,132.239
210,1436.676,445.887,550.486,107,0,2643,131.627
200,1446.44,447.428,550.19,106,0,2644,131.316
194,1449.649,447.771,549.342,105,0,2645,130.895
185,1468.568,448.161,548.422,104,0,2646,130.766
179,1473.318,447.903,548.576,103,0,2479,129.915
319,1582.605,470.961,567.967,119,0,2648,135.775
307,1559.143,470.615,566.618,118,0,2649,134.881
298,1534.275,470.783,565.794,117,0,2650,133.999
277,1537.347,470.714,564.382,116,0,2651,133.246
278,1513.809,470.823,563.67,115,0,2652,133.743
273,1521.293,470.712,562.553,114,0,2653,133.234
255,1504.655,470.774,561.371,113,0,2654,133.582
237,1527.966,471.286,560.545,112,0,2655,132.929
216,1520.13,471.049,560.132,111,0,2656,133.745
219,1510.288,470.22,559.429,110,0,2657,132.26
211,1528.64,470.241,558.546,109,0,2658,132.5
209,1520.455,472.228,557.533,108,0,2659,132.239
201,1501.985,473.469,555.295,107,0,2660,131.627
199,1533.548,474.167,554.413,106,0,2661,131.316
365,1489.088,480.378,566.177,105,0,2662,130.895
364,1485.514,479.826,565.125,104,0,2663,130.766
334,1490.353,479.326,564.741,103,0,2664,129.915
332,1475.729,479.608,565.171,102,0,2665,132.184
317,1438.158,479.831,566.093,101,0,2666,130.038
290,1454.148,480.184,566.929,100,0,2667,129.289
284,1437.377,480.392,567.544,99,0,2668,130.639
275,1428.404,480.594,567.527,98,0,2669,128.862
260,1414.238,480.527,567.422,97,0,2670,128.065
255,1440.973,480.477,567.221,96,0,2671,130.748
241,1418.311,480.313,566.717,95,0,2672,129.568
238,1429.437,480.81,567.087,94,0,2673,128.644
226,1414.447,480.757,566.939,93,0,2674,128.283
228,1417.096,481.381,567.853,92,0,2675,129.103
209,1402.096,481.377,567.948,91,0,2676,127.991
214,1424.65,481.648,567.998,90,0,2677,127.423
216,1399.991,482.103,568.273,89,0,2678,128.792
213,1384.521,482.462,568.495,88,0,2679,127.717
211,1383.469,482.372,568.619,87,0,2680,127.719
197,1364.812,482.664,568.721,86,0,2681,127.218
204,1370.775,482.955,569.236,85,0,2682,127.861
207,1343.391,483.183,569.541,84,0,2683,127.961
197,1344.32,482.686,569.171,83,0,2684,126.872
207,1321.734,483.597,569.005,82,0,2685,126.761
193,1300.689,483.503,568.803,81,0,2686,127.74
192,1277.474,483.143,568.437,80,0,2502,127.206
308,2066.351,481.677,552.289,119,0,2688,135.775
301,2064.219,482.07,551.961,118,0,2689,134.881
291,2051.581,482.458,551.797,117,0,2690,133.999
290,2085.245,482.771,551.07,116,0,2691,133.246
301,2057.874,483.206,550.913,115,0,2692,133.743
276,2068.337,483.323,550.972,114,0,2693,133.234
289,2047.304,483.684,550.968,113,0,2694,133.582
278,2078.097,484.357,551.144,112,0,2695,132.929
278,2027.385,484.3,551.711,111,0,2696,133.745
272,2022.423,484.251,551.667,110,0,2697,132.26
264,2056.875,484.258,551.768,109,0,2698,132.5
264,2036.78,485.499,549.437,108,0,2699,132.239
268,2055.5,485.321,547.79,107,0,2700,131.627
251,2077.08,486.191,547.398,106,0,2701,131.316
247,2087.547,486.259,547.479,105,0,2702,130.895
242,2119.5,486.294,547.779,104,0,2703,130.766
231,2115.017,486.251,548.392,103,0,2704,129.915
490,2045.029,493.206,562.006,102,0,2705,132.184
492,2008.856,492.679,561.218,101,0,2706,130.038
482,2021.66,492.179,560.624,100,0,2707,129.289
477,1991.816,491.755,560.171,99,0,2708,130.639
484,1978.607,491.746,559.771,98,0,2709,128.862
468,1960.158,491.632,559.486,97,0,2710,128.065
448,2020.917,491.347,558.894,96,0,2711,130.748
445,1983.849,491.16,558.478,95,0,2712,129.568
431,1988.104,491.068,558.224,94,0,2713,128.644
416,1977.111,490.917,557.815,93,0,2714,128.283
399,1980.962,491.005,558.124,92,0,2715,129.103
401,1930.1,490.838,558.193,91,0,2716,127.991
391,1906.939,490.441,557.491,90,0,2717,127.423
388,1890.92,490.855,557.87,89,0,2718,128.792
384,1865.547,490.54,557.237,88,0,2719,127.717
379,1844.512,490.665,557.591,87,0,2720,127.719
382,1769.639,490.469,557.15,86,0,2721,127.218
380,1768.113,490.396,557.146,85,0,2722,127.861
367,1731.071,490.064,556.809,84,0,2723,127.961
365,1707.797,490.272,557.284,83,0,2724,126.872
362,1673.365,490.768,556.5,82,0,2725,126.761
361,1632.961,490.433,556.211,81,0,2726,127.74
351,1618.792,490.607,556.318,80,0,2727,127.206
339,1577.555,490.677,556.422,79,0,2728,125.33
330,1559,489.939,556.099,78,0,2729,127.455
315,1553.016,490.132,555.709,77,0,2730,127.768
305,1535.856,490.399,556.03,76,0,2731,126.13
297,1498.721,490.451,556.021,75,0,2732,126.794
293,1504.799,490.096,555.655,74,0,2733,125.202
284,1454.782,490.571,555.886,73,0,2734,126.734
283,1441.943,490.121,555.857,72,0,2735,126.031
271,1418.339,490.099,556.216,71,0,2736,125.404
279,1398.283,490.444,556.379,70,0,2737,125.01
269,1361.796,489.772,556.079,69,0,2738,126.367
276,1309.594,489.415,556.015,68,0,2739,125.473
274,1292.299,489.324,555.667,67,0,2740,125.514
269,1269.086,489.693,555.592,66,0,2741,125.365
278,1254.554,488.989,554.439,65,0,2742,125.655
266,1230.09,488.846,553.867,64,0,2743,125.157
266,1236.09,488.369,553.136,63,0,2744,125.624
259,1203.691,488.398,552.93,62,0,2745,123.535
262,1188.21,487.581,552.129,61,0,2746,124.466
249,1197.129,488.14,552.384,60,0,2747,124.498
244,1157.168,487.423,551.584,59,0,2748,124.507
236,1148.331,487.682,551.702,58,0,2397,123.845
242,1561.372,499.919,539.178,119,0,2750,135.775
228,1568.36,499.462,538.431,118,0,2751,134.881
237,1565.084,499.154,537.716,117,0,2752,133.999
216,1566.963,498.928,536.793,116,0,2753,133.246
232,1575.888,499.333,536.785,115,0,2754,133.743
222,1563.698,498.971,535.993,114,0,2755,133.234
217,1561.687,498.619,535.025,113,0,2756,133.582
219,1567.662,498.146,534.909,112,0,2757,132.929
216,1562.727,497.249,535.215,111,0,2758,133.745
211,1541.891,496.58,535.122,110,0,2759,132.26
205,1560.863,495.667,535.073,109,0,2760,132.5
190,1545.895,496.488,534.681,108,0,2761,132.239
187,1563.578,494.384,533.776,107,0,2762,131.627
185,1529.059,495.343,534.512,106,0,2763,131.316
179,1527.615,494.967,534.526,105,0,2764,130.895
333,1539.712,499.53,544.41,104,0,2765,130.766
322,1522.891,499.354,544.462,103,0,2766,129.915
327,1518.07,498.87,542.776,102,0,2767,132.184
322,1496.646,498.491,542.248,101,0,2768,130.038
314,1502.21,497.895,541.737,100,0,2769,129.289
307,1499.622,496.876,540.639,99,0,2770,130.639
288,1497.351,496.5,539.853,98,0,2771,128.862
281,1498.021,496.376,539.878,97,0,2772,128.065
271,1525.188,496.077,539.214,96,0,2773,130.748
262,1525.168,495.562,538.469,95,0,2774,129.568
258,1527.372,495.162,538.037,94,0,2775,128.644
239,1522.23,494.955,537.884,93,0,2776,128.283
245,1517.984,494.444,537.831,92,0,2777,129.103
240,1503.054,493.608,537.395,91,0,2778,127.991
227,1479.101,492.996,537.105,90,0,2779,127.423
217,1475.442,492.543,537.633,89,0,2780,128.792
210,1469.433,491.636,537.092,88,0,2781,127.717
200,1506.57,490.885,537.202,87,0,2782,127.719
199,1493.648,490.265,536.665,86,0,2783,127.218
187,1492.492,490.527,536.999,85,0,2784,127.861
188,1461.633,491.31,537.305,84,0,2785,127.961
181,1455.193,491.041,537.425,83,0,2786,126.872
183,1421.459,491.485,536.73,82,0,2787,126.761
180,1397.617,491.404,536.644,81,0,2788,127.74
177,1376.932,491.735,537.097,80,0,2789,127.206
177,1364.537,491.633,537.366,79,0,2790,125.33
170,1361.012,490.749,536.343,78,0,2791,127.455
169,1366.988,490.839,536.378,77,0,2792,127.768
164,1360.152,490.978,536.828,76,0,2793,126.13
158,1353.873,490.656,536.534,75,0,2794,126.794
159,1350.786,490.786,536.556,74,0,2795,125.202
160,1319.806,490.601,536.316,73,0,2796,126.734
159,1285.962,490.234,535.229,72,0,2797,126.031
151,1276.404,489.691,535.212,71,0,2798,125.404
163,1267.067,489.834,534.624,70,0,2799,125.01
320,1233.094,495.571,542.574,69,0,2800,126.367
310,1225.865,494.059,539.218,68,0,2801,125.473
310,1230.152,492.692,536.561,67,0,2802,125.514
296,1213.02,491.65,534.329,66,0,2803,125.365
289,1215.872,490.417,532.533,65,0,2804,125.655
292,1200.818,490.045,532.068,64,0,2805,125.157
290,1187.869,488.195,530.44,63,0,2806,125.624
281,1165.295,487.383,529.553,62,0,2807,123.535
269,1170.922,486.478,529.387,61,0,2808,124.466
266,1161.586,486.186,529.488,60,0,2809,124.498
262,1156.034,485.105,528.836,59,0,2810,124.507
255,1144.263,484.911,529.346,58,0,2811,123.845
237,1139.747,484.757,529.721,57,0,2812,124.092
239,1118.757,484.241,529.133,56,0,2813,123.571
231,1105.156,484.276,529.568,55,0,2814,123.676
222,1101.923,483.123,528.823,54,0,2815,123.098
212,1058.575,483.226,528.913,53,0,2816,122.771
212,1065.948,482.81,529.142,52,0,2817,123.12
208,1037.221,482.047,528.591,51,0,2818,122.83
212,1025.717,482.096,528.54,50,0,2819,122.378
201,1031.532,481.433,528.482,49,0,2820,123.684
197,1030.629,481.312,528.565,48,0,1434,122.142
229,1545.188,506.577,562.037,119,0,2822,135.775
226,1556.677,506.614,561.935,118,0,2823,134.881
214,1555.243,506.289,561.465,117,0,2824,133.999
209,1574.842,504.881,560.113,116,0,2825,133.246
197,1563.665,504.688,560.216,115,0,2826,133.743
193,1575.145,504.054,559.653,114,0,2827,133.234
190,1571.968,503.908,559.477,113,0,2828,133.582
185,1581.411,503.882,559.083,112,0,2829,132.929
176,1599.011,503.677,559.692,111,0,2830,133.745
164,1579.683,503.667,560.482,110,0,2831,132.26
163,1604.644,503.224,560.254,109,0,2832,132.5
151,1590.841,504.965,560.122,108,0,2833,132.239
169,1569.734,507.22,560.674,107,0,2834,131.627
158,1563.57,507.458,560.215,106,0,2835,131.316
145,1570.138,506.935,559.378,105,0,2764,130.895
359,1491.95,525.802,559.751,119,0,2837,135.775
343,1490.023,525.144,558.967,118,0,2838,134.881
326,1496.693,523.979,558.568,117,0,2839,133.999
321,1499.822,522.763,557.944,116,0,2840,133.246
308,1490.854,521.838,557.312,115,0,2841,133.743
302,1497.728,520.942,556.257,114,0,2842,133.234
310,1485.687,520.417,555.714,113,0,2843,133.582
293,1485.188,519.783,555.63,112,0,2844,132.929
293,1471.594,519.193,556.013,111,0,2845,133.745
283,1474.261,518.506,556.536,110,0,2846,132.26
267,1490.311,517.938,556.633,109,0,2847,132.5
261,1481.751,518.787,556.372,108,0,2848,132.239
258,1474.318,518.423,556.029,107,0,2849,131.627
245,1467.718,518.732,556.428,106,0,2850,131.316
240,1465,518.685,557.034,105,0,2851,130.895
237,1448.451,518.629,556.148,104,0,2852,130.766
248,1414.589,518.634,554.799,103,0,1379,129.915
202,1332.332,543.804,537.792,119,0,2854,135.775
197,1308.553,543.389,537.799,118,0,2855,134.881
199,1304.673,542.564,537.658,117,0,2856,133.999
183,1281.634,543.313,537.501,116,0,2857,133.246
181,1263.376,542.075,537.719,115,0,2858,133.743
179,1265.318,541.913,537.056,114,0,2859,133.234
181,1220.718,541.23,536.846,113,0,2860,133.582
188,1210.585,540.223,536.707,112,0,2861,132.929
174,1221.454,538.062,535.934,111,0,2862,133.745
175,1187.217,536.361,534.951,110,0,2863,132.26
181,1187.497,534.796,534.197,109,0,2864,132.5
173,1193.069,535.181,533.209,108,0,2865,132.239
168,1185.815,534.664,533.371,107,0,2866,131.627
170,1173.706,535.047,533.464,106,0,2867,131.316
170,1147.624,535.064,532.698,105,0,2868,130.895
172,1146.965,534.563,532.098,104,0,2869,130.766
164,1128.006,534.587,532.231,103,0,2870,129.915
151,1123.556,534.903,531.438,102,0,1324,132.184
532,388.353,596.069,549.686,119,0,0,135.775
330,988.315,570.452,568.039,118,0,3220,134.881
503,384.954,593.533,546.13,117,0,0,133.999
207,1120.362,562.693,581.46,119,0,2875,135.775
208,1109.159,562.661,582.59,118,0,2876,134.881
522,908.885,572.329,597.426,117,0,2877,133.999
504,918.554,571.471,596.99,116,0,2878,133.246
501,911.517,570.174,596.74,115,0,2879,133.743
469,929.077,569.012,595.994,114,0,2880,133.234
472,913.57,568.979,596.34,113,0,2881,133.582
457,907.147,569.104,597.091,112,0,2882,132.929
448,905.388,568.312,596.686,111,0,2883,133.745
434,877.005,568.165,597.101,110,0,2884,132.26
433,882.665,568.127,597.166,109,0,2885,132.5
426,869.934,569.393,596.898,108,0,2886,132.239
420,866.519,569.091,596.791,107,0,2887,131.627
416,849.358,569.986,597.775,106,0,2888,131.316
413,850.969,569.262,597.947,105,0,2889,130.895
397,855.562,567.723,597.712,104,0,2890,130.766
391,854.714,566.225,598.435,103,0,2891,129.915
377,865.159,564.872,598.769,102,0,2892,132.184
362,860.025,564.231,598.462,101,0,2893,130.038
350,846.051,563.277,598.446,100,0,2894,129.289
342,837.898,562.187,598.12,99,0,2895,130.639
343,824.758,561.113,597.179,98,0,2896,128.862
341,802.158,559.272,596.44,97,0,2897,128.065
336,833.935,556.445,595.015,96,0,2898,130.748
316,830.915,553.956,593.983,95,0,2899,129.568
488,970.637,542.654,582.613,94,0,2900,128.644
479,963.463,542.302,582.777,93,0,2901,128.283
444,984.284,541.41,582.48,92,0,2902,129.103
435,985.368,540.867,582.036,91,0,2903,127.991
437,976.998,540.658,581.968,90,0,2904,127.423
412,996.092,540.137,581.457,89,0,2905,128.792
405,985.689,539.557,580.938,88,0,2906,127.717
397,977.38,538.783,580.24,87,0,2907,127.719
396,961.97,537.617,578.621,86,0,2908,127.218
385,955.452,537.244,578.145,85,0,2909,127.861
372,959.277,536.262,576.973,84,0,2910,127.961
361,954.931,535.281,576.036,83,0,2911,126.872
344,961.279,535.297,574.698,82,0,2912,126.761
352,942.372,534.552,573.525,81,0,2913,127.74
336,947.312,533.928,572.542,80,0,2914,127.206
319,932.411,533.141,572.149,79,0,2915,125.33
310,929.91,532.174,571.374,78,0,2916,127.455
293,938.529,531.571,570.484,77,0,2917,127.768
289,941.775,531.226,569.804,76,0,2918,126.13
284,912.053,530.589,569.394,75,0,2919,126.794
289,912.114,529.912,568.738,74,0,2920,125.202
263,905.365,529.654,568.476,73,0,2921,126.734
264,931.345,527.918,566.747,72,0,2922,126.031
249,910.506,527.098,566.513,71,0,2923,125.404
259,902.768,526.944,565.971,70,0,1412,125.01
341,812.692,582.984,611.145,119,0,2925,135.775
330,788.161,582.444,611.016,118,0,2876,134.881
237,1187.16,561.85,603.44,119,0,2927,135.775
216,1197.995,560.115,601.976,118,0,2928,134.881
217,1207.249,557.496,598.689,117,0,2929,133.999
413,1260.993,548.291,583.85,116,0,2930,133.246
398,1259.653,546.282,581.825,115,0,2931,133.743
390,1270.541,544.84,579.887,114,0,2932,133.234
373,1258.008,543.783,578.542,113,0,2933,133.582
364,1246.459,543.043,578.067,112,0,2934,132.929
345,1237.484,542.25,577.305,111,0,2935,133.745
341,1213.117,541.822,577.266,110,0,2936,132.26
323,1212.551,541.54,576.811,109,0,2937,132.5
316,1205.759,542.35,576.2,108,0,2938,132.239
304,1193.553,541.567,576.073,107,0,2939,131.627
294,1205.364,541.652,575.875,106,0,2940,131.316
269,1195.699,541.778,575.882,105,0,2941,130.895
257,1206.626,541.242,575.229,104,0,2942,130.766
257,1206.195,539.981,574.085,103,0,2943,129.915
230,1218.752,538.967,573.24,102,0,2944,132.184
218,1215.569,537.663,572.234,101,0,2945,130.038
209,1209.024,536.692,572.232,100,0,2946,129.289
205,1213.346,535.485,571.755,99,0,2947,130.639
203,1195.685,534.849,571.015,98,0,2948,128.862
209,1153.445,533.655,570.894,97,0,2949,128.065
182,1195.148,532.511,570.217,96,0,2950,130.748
178,1186.393,532.115,570.134,95,0,2899,129.568
215,1328.888,545.28,574.177,119,0,2952,135.775
209,1338.813,544.29,574.001,118,0,2953,134.881
199,1303.784,542.445,572.406,117,0,2929,133.999
238,1430.126,536.026,594.071,119,0,2955,135.775
239,1432.197,534.466,592.697,118,0,2956,134.881
226,1435.606,533.927,592.662,117,0,2957,133.999
226,1440.044,533.12,591.771,116,0,2958,133.246
216,1453.12,531.969,591.143,115,0,2959,133.743
201,1457.512,531.574,590.29,114,0,2960,133.234
202,1456.455,530.25,589.955,113,0,2961,133.582
203,1448.424,529.486,589.641,112,0,2962,132.929
194,1450.918,529.362,589.8,111,0,2963,133.745
189,1429.328,528.691,588.949,110,0,2964,132.26
189,1454.899,528.841,588.747,109,0,2965,132.5
439,1293.273,541.692,597.172,108,0,2966,132.239
437,1294.446,540.369,596.691,107,0,2967,131.627
428,1311.393,538.467,594.899,106,0,2968,131.316
413,1337.249,536.826,592.941,105,0,2969,130.895
404,1351.953,535.033,590.785,104,0,2970,130.766
395,1356.661,533.428,589.392,103,0,2971,129.915
386,1380.5,531.859,587.257,102,0,2972,132.184
369,1362.775,531.241,586.24,101,0,2973,130.038
360,1393.219,529.387,585.002,100,0,2974,129.289
365,1390.433,527.937,584.013,99,0,2975,130.639
362,1366.851,526.399,582.793,98,0,2976,128.862
341,1359.34,525.113,581.983,97,0,2977,128.065
331,1392.468,523.679,580.853,96,0,2978,130.748
315,1387.581,521.99,579.155,95,0,2979,129.568
304,1407.773,520.691,577.677,94,0,2980,128.644
300,1392.17,519.623,576.036,93,0,2981,128.283
289,1379.495,518.59,575.067,92,0,2982,129.103
278,1371.773,518.051,574.335,91,0,2983,127.991
276,1384.895,517.313,572.915,90,0,2984,127.423
254,1396.256,516.905,572.395,89,0,2985,128.792
233,1411.721,515.313,570.344,88,0,2986,127.717
238,1403.155,514.664,569.458,87,0,2987,127.719
228,1371.57,513.946,568.245,86,0,2988,127.218
227,1380.744,513.61,567.906,85,0,2989,127.861
218,1354.541,513.104,567.542,84,0,2990,127.961
214,1337.575,512.979,567.432,83,0,2991,126.872
213,1308.545,513.649,566.51,82,0,2992,126.761
213,1275.465,513.044,565.813,81,0,2993,127.74
195,1282.128,512.864,565.376,80,0,2994,127.206
186,1277.538,511.955,564.225,79,0,2995,125.33
184,1285.174,510.329,562.537,78,0,2996,127.455
182,1299.995,509.849,561.459,77,0,2997,127.768
176,1313.006,509.699,561.001,76,0,2998,126.13
163,1267.834,509.116,560.217,75,0,2999,126.794
165,1278.115,508.87,560.135,74,0,3000,125.202
155,1258.394,507.961,558.846,73,0,3001,126.734
154,1239.701,506.615,558.017,72,0,3002,126.031
162,1225.698,505.571,556.799,71,0,3003,125.404
139,1214.727,505.065,556.225,70,0,2799,125.01
333,1054.381,558.84,621.372,119,0,3005,135.775
327,1048.468,558.654,620.129,118,0,3006,134.881
316,1073.117,557.858,618.738,117,0,3007,133.999
314,1093.086,557.401,617.502,116,0,3008,133.246
298,1074.584,556.47,616.28,115,0,3009,133.743
282,1101.638,555.63,614.241,114,0,3010,133.234
273,1134.425,555.329,612.404,113,0,3011,133.582
276,1130.011,554.896,610.845,112,0,3012,132.929
256,1160.137,553.561,608.971,111,0,3013,133.745
255,1138.463,552.444,607.905,110,0,3014,132.26
246,1153.829,552.082,606.88,109,0,2965,132.5
282,1234.369,533.228,614.509,119,0,3016,135.775
260,1275.319,532.402,612.731,118,0,3017,134.881
264,1239.644,532.031,611.617,117,0,3018,133.999
255,1256.698,531.854,610.794,116,0,3019,133.246
247,1266.243,531.784,609.815,115,0,3020,133.743
253,1246.589,531.592,608.91,114,0,3021,133.234
229,1242.852,531.451,608.451,113,0,3022,133.582
228,1247.456,531.075,607.863,112,0,3023,132.929
224,1241.085,530.828,607.604,111,0,3024,133.745
225,1203.933,530.836,607.439,110,0,3025,132.26
230,1180.978,530.972,607.355,109,0,3026,132.5
226,1180.712,531.963,606.776,108,0,3027,132.239
223,1164.628,531.59,607.208,107,0,3028,131.627
219,1157.32,531.693,607.21,106,0,3029,131.316
218,1137.817,532.043,606.42,105,0,3030,130.895
214,1135.196,531.919,605.343,104,0,3031,130.766
446,1164.096,517.258,602.576,103,0,3032,129.915
437,1164.277,518.13,601.666,102,0,3033,132.184
442,1160.538,517.451,601.333,101,0,3034,130.038
418,1158.914,516.673,600.97,100,0,3035,129.289
424,1137.835,516.21,600.781,99,0,3036,130.639
425,1115.308,516.605,600.428,98,0,3037,128.862
428,1077.36,515.959,599.744,97,0,3038,128.065
420,1104.829,516.346,598.909,96,0,3039,130.748
418,1077.352,516.031,597.601,95,0,3040,129.568
411,1069.134,515.678,596.982,94,0,3041,128.644
409,1070.152,515.642,596.088,93,0,3042,128.283
406,1045.65,515.418,595.63,92,0,3043,129.103
380,1045.266,514.776,594.717,91,0,3044,127.991
383,1024.415,514.811,593.899,90,0,3045,127.423
370,1032.543,514.477,593.23,89,0,3046,128.792
366,1019.29,513.828,592.045,88,0,3047,127.717
358,1025.933,514.066,591.637,87,0,3048,127.719
363,1000.846,513.539,590.77,86,0,3049,127.218
345,1022.287,513.049,590.72,85,0,3050,127.861
342,1001.851,512.486,590.209,84,0,3051,127.961
338,1003.947,512.15,589.689,83,0,3052,126.872
325,983.169,512.89,588.838,82,0,3053,126.761
312,981.875,512.518,588.055,81,0,3054,127.74
306,1004.193,512.196,586.953,80,0,3055,127.206
290,1014.483,511.197,585.614,79,0,3341,125.33
577,269.459,498.068,614.909,78,0,0,127.455
376,1929.678,504.642,580.198,119,0,3058,135.775
363,1947.017,504.304,580.395,118,0,3059,134.881
350,1955.077,503.934,580,117,0,3060,133.999
350,1972.223,503.992,580.343,116,0,3061,133.246
339,1963.463,503.773,580.437,115,0,3062,133.743
344,1953.267,503.454,580.255,114,0,3063,133.234
333,1949.057,503.567,580.333,113,0,3064,133.582
320,1982.941,503.625,580.31,112,0,3065,132.929
306,1982.35,503.523,580.61,111,0,3066,133.745
306,1922.154,503.253,580.377,110,0,3067,132.26
296,1964.983,503.379,580.256,109,0,3068,132.5
297,1931.377,503.97,579.595,108,0,3069,132.239
297,1900.761,502.573,579.113,107,0,3070,131.627
297,1918.923,501.811,578.534,106,0,3071,131.316
278,1943.291,501.558,577.924,105,0,3072,130.895
266,1944.365,500.893,576.754,104,0,3073,130.766
263,1967.665,500.042,576.208,103,0,2704,129.915
272,1517.401,498.009,593.065,119,0,3075,135.775
278,1509.766,497.182,592.808,118,0,3076,134.881
271,1482.015,496.123,591.81,117,0,3077,133.999
253,1479.265,494.901,590.43,116,0,3078,133.246
245,1468.453,493.777,589.522,115,0,3079,133.743
240,1448.312,493.567,589.275,114,0,3080,133.234
231,1445.935,492.838,588.697,113,0,3081,133.582
215,1458.777,492.488,588.116,112,0,3082,132.929
209,1451.45,491.712,587.476,111,0,3083,133.745
201,1455.567,489.537,585.547,110,0,3084,132.26
199,1461.181,489.144,584.613,109,0,3085,132.5
190,1439.368,490.029,583.501,108,0,3086,132.239
186,1438.054,489.283,583.396,107,0,3087,131.627
186,1434.667,488.472,582.02,106,0,2661,131.316
324,1257.642,504.512,618.937,119,0,3089,135.775
316,1245.06,505.04,618.039,118,0,3090,134.881
307,1217.111,504.837,617.072,117,0,3091,133.999
316,1224.383,505.009,616.683,116,0,3092,133.246
325,1190.197,505.083,616.339,115,0,3093,133.743
306,1208.663,504.83,615.324,114,0,3094,133.234
293,1198.181,505.005,614.51,113,0,3095,133.582
294,1193.347,504.462,613.268,112,0,3096,132.929
274,1203.931,504.085,611.578,111,0,3097,133.745
263,1187.848,503.059,609.452,110,0,3098,132.26
251,1235.131,502.499,607.834,109,0,3099,132.5
267,1187.599,503.315,606.948,108,0,3100,132.239
249,1193.016,502.769,606.532,107,0,3101,131.627
237,1186.911,503.891,605.71,106,0,3102,131.316
236,1189.356,504.552,603.416,105,0,3103,130.895
232,1187.297,505.158,601.398,104,0,3031,130.766
404,1343.413,470.012,592.233,119,0,3105,135.775
383,1351.334,469.22,591.488,118,0,3106,134.881
389,1334.555,468.312,590.379,117,0,3107,133.999
381,1341.735,467.528,589.256,116,0,3108,133.246
364,1341.558,466.418,588.208,115,0,3109,133.743
358,1354.316,465.651,586.776,114,0,3110,133.234
342,1354.123,465.116,585.459,113,0,3111,133.582
329,1353.024,464.858,584.022,112,0,3112,132.929
331,1372.245,465.333,583.546,111,0,3113,133.745
310,1317.377,464.202,582.529,110,0,3114,132.26
288,1350.885,464.003,581.578,109,0,3115,132.5
310,1306.516,464.946,580.535,108,0,3116,132.239
300,1277.753,464.048,580.06,107,0,3117,131.627
307,1272.384,464.725,579.922,106,0,3118,131.316
276,1270.504,463.986,578.417,105,0,3119,130.895
260,1290.085,463.488,577.381,104,0,3120,130.766
251,1281.454,463.147,576.881,103,0,3121,129.915
248,1288.177,463.529,575.793,102,0,3122,132.184
229,1270.127,462.836,575.115,101,0,3123,130.038
211,1273.882,463.065,574.965,100,0,3124,129.289
210,1253.414,462.458,574.683,99,0,3125,130.639
199,1243.492,462.444,574.32,98,0,3126,128.862
178,1215.612,462.494,574.098,97,0,3127,128.065
178,1220.539,463.202,574.367,96,0,3128,130.748
170,1215.806,462.818,574.094,95,0,3129,129.568
157,1210.726,463.199,573.706,94,0,3130,128.644
155,1209.961,463.301,573.387,93,0,2599,128.283
273,1286.747,468.015,608.701,119,0,3132,135.775
277,1277.148,468.299,608.511,118,0,3133,134.881
269,1273.409,468.692,608.198,117,0,3134,133.999
260,1297.85,469.659,608.056,116,0,3135,133.246
262,1275.256,470.711,607.15,115,0,3136,133.743
257,1244.887,471.589,606.293,114,0,3137,133.234
247,1263.117,472.845,605.178,113,0,3138,133.582
239,1275.803,473.827,603.444,112,0,3139,132.929
228,1263.224,474.288,603.051,111,0,3140,133.745
244,1238.049,474.047,602.009,110,0,3141,132.26
240,1259.833,473.369,600.976,109,0,3142,132.5
220,1270.532,474.815,599.955,108,0,3143,132.239
225,1254.222,473.915,599.398,107,0,3144,131.627
215,1243.558,475,599.413,106,0,3145,131.316
480,1230.073,461.263,595.875,105,0,3146,130.895
455,1239.16,462.012,594.44,104,0,3147,130.766
440,1245.005,463.087,593.573,103,0,3148,129.915
429,1248.72,464.437,592.284,102,0,3149,132.184
410,1252.044,465.684,591.523,101,0,3150,130.038
412,1252.512,466.626,590.887,100,0,3151,129.289
392,1257.702,467.555,590.572,99,0,3152,130.639
383,1248.671,467.752,589.807,98,0,3153,128.862
400,1204.405,467.77,589.401,97,0,3154,128.065
395,1222.876,467.897,589.159,96,0,3155,130.748
384,1192.419,468.483,588.546,95,0,3156,129.568
373,1198.45,468.467,588.181,94,0,3157,128.644
365,1187.389,468.494,587.661,93,0,3158,128.283
367,1175.251,468.66,587.592,92,0,3159,129.103
376,1148.67,468.418,587.132,91,0,3160,127.991
359,1150.047,468.644,586.863,90,0,3161,127.423
365,1135.559,468.5,586.892,89,0,3162,128.792
350,1133.646,469.285,586.819,88,0,3163,127.717
343,1124.633,469.575,586.824,87,0,3164,127.719
347,1085.15,469.839,586.573,86,0,3165,127.218
347,1076.617,469.81,586.563,85,0,3166,127.861
342,1057.488,470.442,586.49,84,0,3167,127.961
340,1046.124,470.743,586.595,83,0,3168,126.872
324,1042.213,472.573,586.428,82,0,3169,126.761
323,1029.994,473.132,585.976,81,0,3170,127.74
315,1017.07,473.441,586.044,80,0,3171,127.206
316,1012.006,473.476,585.721,79,0,3287,125.33
260,1337.2,441.496,601.678,119,0,3173,135.775
254,1345.976,441.578,601.155,118,0,3174,134.881
260,1324.777,442.002,600.72,117,0,3175,133.999
253,1337.225,442.501,600.149,116,0,3176,133.246
255,1313.173,443.24,599.848,115,0,3177,133.743
261,1296.939,443.706,599.191,114,0,3178,133.234
264,1282.78,443.94,599.229,113,0,3179,133.582
281,1244.733,444.527,599.252,112,0,3180,132.929
258,1269.705,445.227,598.365,111,0,3181,133.745
259,1229.216,445.547,597.454,110,0,3182,132.26
249,1260.791,445.606,596.902,109,0,3183,132.5
247,1248.352,447.818,596.006,108,0,3184,132.239
240,1243.696,447.431,595.419,107,0,3185,131.627
252,1212.988,448.756,595.37,106,0,3145,131.316
223,1313.843,546.718,550.642,119,0,3187,135.775
199,1345.492,544.925,550.359,118,0,3188,134.881
197,1303.756,544.398,550.395,117,0,3189,133.999
199,1297.241,542.989,550.146,116,0,3190,133.246
189,1292.365,542.661,550.63,115,0,3191,133.743
179,1288.972,541.298,549.911,114,0,3192,133.234
180,1275.789,540.665,550.199,113,0,3193,133.582
170,1235.688,539.784,550.874,112,0,3194,132.929
448,1050.498,551.535,558.65,111,0,3195,133.745
441,1031.916,549.425,558.085,110,0,3196,132.26
416,1064.349,547.171,557.513,109,0,3197,132.5
416,1037.858,547.768,557.323,108,0,3198,132.239
417,1019.072,546.853,557.784,107,0,3199,131.627
387,1034.292,546.118,558.27,106,0,3200,131.316
370,1031.878,545.118,558.575,105,0,3201,130.895
343,1033.178,544.901,558.928,104,0,3202,130.766
331,1014.737,545.475,560.051,103,0,3203,129.915
325,1024.732,544.552,559.827,102,0,3204,132.184
315,1022.47,543.925,560.063,101,0,3205,130.038
314,1009.758,543.004,560.372,100,0,3206,129.289
320,995.55,542.172,560.199,99,0,3207,130.639
310,1006.235,541.155,559.809,98,0,3208,128.862
303,978.696,540.086,559.567,97,0,3209,128.065
290,993.728,539.509,559.792,96,0,3210,130.748
295,950.041,539.039,558.845,95,0,3211,129.568
289,948.415,538.885,559.045,94,0,3212,128.644
298,928.698,538.836,558.836,93,0,3213,128.283
276,934.848,538.424,558.156,92,0,3214,129.103
274,915.682,537.746,557.071,91,0,3215,127.991
269,928.19,536.607,555.154,90,0,3216,127.423
251,934.689,535.1,553.686,89,0,3217,128.792
247,938.887,534.98,553.221,88,0,3218,127.717
244,947.082,534.474,552.427,87,0,1339,127.719
305,1025.305,571.748,568.777,119,0,2872,135.775
302,993.695,569.07,566.755,117,0,3221,133.999
289,1010.322,567.505,565.56,116,0,3222,133.246
291,968.766,567.286,565.607,115,0,3223,133.743
293,967.509,565.94,565.382,114,0,3224,133.234
284,954.894,565.099,565.417,113,0,3225,133.582
288,940.705,563.569,565.305,112,0,3194,132.929
189,1406.481,415.151,438.344,119,0,3227,135.775
184,1401.886,412.811,439.193,118,0,3228,134.881
176,1396.494,411.627,439.47,117,0,3229,133.999
408,1392.608,430.136,445.27,116,0,3230,133.246
400,1373.718,430.61,446.33,115,0,3231,133.743
385,1378.221,429.699,446.502,114,0,3232,133.234
370,1374.522,429.827,446.815,113,0,3233,133.582
348,1381.121,429.266,447.678,112,0,3234,132.929
346,1384.098,428.116,447.912,111,0,3235,133.745
340,1375.074,427.66,448.27,110,0,3236,132.26
333,1387.787,428.291,449.21,109,0,3237,132.5
333,1378.138,429.581,448.704,108,0,3238,132.239
310,1355.058,429.827,449.317,107,0,3239,131.627
307,1347.042,430.594,449.972,106,0,3240,131.316
307,1318.241,431.637,450.122,105,0,3241,130.895
305,1284.843,432.298,450.096,104,0,3242,130.766
305,1263.367,434.456,450.706,103,0,3243,129.915
308,1273.893,436.059,450.523,102,0,3244,132.184
293,1250.399,435.856,450.976,101,0,3245,130.038
279,1250.771,434.855,449.325,100,0,3246,129.289
264,1251.996,434.242,449.098,99,0,3247,130.639
269,1236.9,434.362,448.939,98,0,132,128.862
235,1396.272,451.229,446.66,119,0,3249,135.775
234,1403.491,448.56,447.51,118,0,3250,134.881
233,1385.232,446.556,448.328,117,0,3229,133.999
429,965.51,532.088,454.131,105,0,3252,130.895
413,967.535,531.347,454.722,104,0,3253,130.766
394,985.787,529.909,456.397,103,0,3254,129.915
378,1002.503,528.327,457.693,102,0,3255,132.184
361,1020.967,526.813,459.321,101,0,3256,130.038
351,1028.764,525.015,460.709,100,0,3257,129.289
332,1034.443,522.518,462.231,99,0,3258,130.639
345,1030.513,522.33,463.048,98,0,3259,128.862
338,994.683,522.36,463.843,97,0,3260,128.065
334,992.099,522.068,464.671,96,0,3261,130.748
327,961.398,521.86,465.39,95,0,3262,129.568
344,933.608,521.804,465.985,94,0,3263,128.644
327,936.694,520.94,466.671,93,0,3264,128.283
308,925.016,520.055,467.566,92,0,1082,129.103
403,985.576,365.003,588.601,114,0,3266,133.234
409,979.443,367.19,588.307,113,0,3267,133.582
401,952.182,368.686,588.249,112,0,3268,132.929
385,953.148,370.276,588.013,111,0,3269,133.745
386,938.264,372.585,586.541,110,0,3270,132.26
390,930.372,375.074,584.598,109,0,3271,132.5
370,916.008,377.951,583.115,108,0,3272,132.239
354,923.251,379.274,582.204,107,0,3273,131.627
345,907.754,382.192,581.514,106,0,3274,131.316
333,895.982,385.08,580.958,105,0,3275,130.895
309,920.061,387.337,578.968,104,0,3276,130.766
301,908.674,389.196,578.245,103,0,3277,129.915
291,925.416,391.547,576.236,102,0,3278,132.184
286,930.493,394.601,575.19,101,0,3279,130.038
264,953.788,396.733,573.739,100,0,3280,129.289
254,956.654,398.769,572.626,99,0,3281,130.639
248,965.069,400.467,571.249,98,0,3282,128.862
249,957.036,402.492,569.911,97,0,3283,128.065
239,988.854,404.021,568.584,96,0,3284,130.748
235,966.298,405.436,566.908,95,0,3285,129.568
218,988.986,407.55,566.294,94,0,3286,128.644
224,961.562,409.399,565.537,93,0,2093,128.283
292,1014.411,473.936,585.389,78,0,3288,127.455
285,1019.498,473.822,584.66,77,0,3289,127.768
288,1008.66,474.142,584.627,76,0,3290,126.13
278,999.799,474.639,584.021,75,0,3291,126.794
278,1006.338,475.055,583.401,74,0,3292,125.202
276,967.529,475.212,583.211,73,0,3293,126.734
270,970.089,475.926,582.62,72,0,3294,126.031
271,948.782,476.713,582.625,71,0,3295,125.404
255,952.251,477.121,582.46,70,0,3296,125.01
252,938.972,477.627,581.954,69,0,3297,126.367
253,930.142,478.615,581.642,68,0,3298,125.473
499,916.279,493.248,580.931,67,0,3299,125.514
491,901.589,493.75,580.564,66,0,3300,125.365
474,911.941,494.558,580.233,65,0,3301,125.655
466,901.929,495.26,580.148,64,0,3302,125.157
464,882.78,495.157,579.706,63,0,3303,125.624
447,879.105,495.713,579.545,62,0,3304,123.535
430,880.951,495.461,579.379,61,0,3305,124.466
426,870.275,496.099,579.226,60,0,3306,124.498
410,857.202,496.305,579.039,59,0,3307,124.507
406,838.69,496.704,579.207,58,0,3308,123.845
424,810.526,496.977,579.218,57,0,3309,124.092
401,823.855,497.004,579.056,56,0,3310,123.571
375,798.373,498.293,579.665,55,0,3311,123.676
371,802.749,496.845,579.207,54,0,3312,123.098
357,792.636,497.123,579.402,53,0,3313,122.771
345,798.09,496.936,579.211,52,0,3314,123.12
338,792.189,496.667,578.957,51,0,3315,122.83
339,773.578,496.098,578.728,50,0,3316,122.378
325,755.138,496.263,578.801,49,0,3317,123.684
322,753.351,495.839,578.723,48,0,3318,122.142
317,712.757,495.626,578.41,47,0,3319,123.231
586,764.379,481.678,572.821,46,0,3320,122.636
552,751.732,482.508,573.133,45,0,3321,122.489
531,757.635,483.032,573.179,44,0,3322,123.077
512,757.744,483.852,573.578,43,0,3323,123.097
490,765.18,484.625,574.108,42,0,3324,123.34
478,760.931,484.525,573.666,41,0,3325,123.611
475,736.053,484.765,573.801,40,0,3326,122.985
473,732.839,485.323,573.866,39,0,3327,122.295
454,741.328,485.26,573.671,38,0,3328,121.738
436,724.998,485.482,573.275,37,0,3329,121.153
421,734.24,485.361,573.235,36,0,3330,122.742
406,719.31,484.701,572.615,35,0,3331,122.383
380,719.926,484.352,572.448,34,0,3332,121.625
365,726.164,483.319,571.684,33,0,3333,121.993
371,718.763,483.919,572.153,32,0,3334,122.382
368,703.625,483.434,571.883,31,0,3335,122.976
354,693.797,483.62,571.974,30,0,3336,122.213
342,682.754,483.171,571.625,29,0,3337,121.496
342,678.406,482.969,571.101,28,0,3338,121.488
333,670.03,481.956,570.082,27,0,3339,122.128
327,666.41,480.618,568.91,26,0,3340,122.512
291,692.512,480.318,569.22,25,0,2209,122.578
283,1013.208,510.262,584.276,78,0,3342,127.455
275,1013.64,509.681,583.1,77,0,3343,127.768
270,1016.47,509.131,582.607,76,0,3344,126.13
256,1005.578,508.803,581.667,75,0,3345,126.794
259,1019.811,508.219,581.094,74,0,3346,125.202
258,986.605,507.813,580.612,73,0,3347,126.734
260,957.504,508.302,580.518,72,0,3348,126.031
253,952.628,507.972,580.6,71,0,3349,125.404
264,929.705,507.638,580.23,70,0,3350,125.01
257,913.7,507.577,580.153,69,0,3351,126.367
246,881.492,507.458,580.238,68,0,3298,125.473
261,906.969,429.14,548.518,76,0,3353,126.13
260,873.631,429.787,548.912,75,0,3354,126.794
254,884.941,430.569,549.547,74,0,3355,125.202
238,867.605,431.446,550.068,73,0,3356,126.734
243,880.749,432.634,550.319,72,0,3357,126.031
248,858.726,433.092,550.969,71,0,3358,125.404
241,845.822,433.596,550.932,70,0,3359,125.01
242,852.496,433.692,550.781,69,0,3360,126.367
232,833.957,434.354,551.119,68,0,3361,125.473
229,827.677,435.524,551.693,67,0,3362,125.514
452,868.701,448.384,558.443,66,0,3363,125.365
432,894.458,449.404,559.014,65,0,3364,125.655
417,893.221,450.414,559.659,64,0,3365,125.157
389,911.113,450.883,559.285,63,0,3366,125.624
369,913.545,452.127,559.538,62,0,3367,123.535
349,942.914,453.133,559.523,61,0,3368,124.466
336,959.089,454.775,559.918,60,0,3369,124.498
325,953.6,455.853,560.293,59,0,3370,124.507
321,942.022,456.601,560.606,58,0,3371,123.845
322,927.975,457.026,560.88,57,0,3372,124.092
315,914.622,458.197,561.464,56,0,3373,123.571
321,887.885,460.041,562.946,55,0,3374,123.676
303,907.03,460.524,563.391,54,0,3375,123.098
298,899.725,461.795,564.304,53,0,3376,122.771
289,898.215,462.545,564.866,52,0,3377,123.12
283,885.876,463.406,565.533,51,0,3378,122.83
267,897.554,464.022,565.905,50,0,3379,122.378
266,880.041,464.687,566.025,49,0,3380,123.684
263,848.255,465.266,566.231,48,0,3381,122.142
254,828.531,465.962,566.259,47,0,3319,123.231
263,937.483,456.38,568.703,76,0,3383,126.13
245,958.412,457.558,568.141,75,0,3384,126.794
243,981.193,457.738,567.116,74,0,3385,125.202
230,957.796,458.026,566.686,73,0,3386,126.734
219,980.995,458.978,566.246,72,0,3387,126.031
216,986.463,459.833,565.929,71,0,3388,125.404
208,979.846,460.527,565.739,70,0,3389,125.01
201,980.209,460.028,565.216,69,0,3390,126.367
207,943.976,460.087,565.254,68,0,3391,125.473
197,940.756,460.146,564.805,67,0,3362,125.514